0.024798 124
16.117713 54
0.566587 186
0.021709 402
1.024292 16
1.025533 16
1.025145 16
1.024988 16
1.024906 16
0.800017 46
0.000951 124
7.808317 21
0.534556 158
0.000152 45
0.000209 124
2.273318 1
0.095079 1
0.190119 1
0.275905 1
0.324119 4
0.231486 1
0.127713 1
0.195417 11
0.000093 8
0.000055 94
1.387357 5
0.171976 8
0.227587 11
0.000217 116
7.360536 36
0.531095 63
0.004026 124
0.000780 116
7.398485 1
0.126045 1
0.097862 1
0.119385 1
0.173421 1
0.153827 1
0.557371 1
0.568736 1
0.290081 1
0.421940 4
0.129762 4
0.184840 1
0.170383 1
0.199347 1
0.210104 1
0.236006 1
0.569838 1
0.287771 4
0.598197 1
0.225227 1
0.116461 1
0.143367 1
0.261745 1
0.084741 1
0.160085 1
0.249485 4
0.146679 4
0.144340 4
0.074314 1
0.141283 1
0.073210 1
0.282171 4
0.063398 1
0.191056 1
0.987176 1
0.270031 1
0.106341 1
0.118419 1
0.070930 1
0.244058 11
0.003822 116
5.580661 1
0.107344 1
0.206388 1
0.756074 1
0.159584 1
0.135356 1
0.336178 4
0.160097 4
0.140469 4
0.475234 1
0.118670 1
0.321414 1
0.509954 1
0.200455 1
0.390726 4
0.134483 4
0.456211 1
0.270655 1
0.063829 1
0.209515 1
0.271514 1
0.101220 1
0.114956 1
0.190821 1
0.148822 11
0.000280 140
1.512758 1
0.054229 1
0.239174 1
0.178052 1
0.077331 1
0.207177 1
0.554724 1
0.118524 1
0.328588 1
0.115365 1
0.097862 1
0.114241 1
0.257868 1
0.324332 4
0.430901 1
0.241045 1
0.102373 1
0.143126 1
0.189673 1
0.239703 1
0.150898 1
0.129828 1
0.305500 1
0.265444 1
0.558353 1
0.132388 1
0.244567 11
0.004010 140
15.949863 1
0.068895 1
0.086024 1
0.145941 1
0.192147 1
0.669230 1
0.108906 1
0.126139 1
0.104866 1
0.123094 1
0.121730 1
0.536861 1
0.123886 1
0.092314 1
0.179259 1
0.150767 1
0.028025 1
0.335782 1
0.070564 1
0.182670 11
0.016217 8
0.000250 67
0.000689 56
0.000475 250
0.000039 153
0.000023 61
0.000050 28
0.000067 17
9.809146 6
0.000257 8
0.005017 28
0.000624 82
0.000028 64
0.000075 107
0.000054 99
0.000053 32
3.292621 18
0.000112 8
1.024068 6
0.000034 13
0.000084 2
0.500617 19
0.000079 2
0.028877 21
0.030061 6
0.000085 15
0.030367 6
0.000085 15
0.030407 6
0.000035 15
0.029809 18
0.000094 1
0.029652 6
0.000033 13
0.000083 2
0.029864 6
0.000059 15
0.031463 6
0.000074 15
0.028686 6
0.000085 15
0.030055 6
0.000035 12
0.000094 3
0.029832 6
0.000034 15
0.030710 19
0.000089 4
0.029476 6
0.000036 13
0.031213 6
0.000386 20
0.028767 6
0.000086 15
0.028867 6
0.000035 15
0.029392 6
0.000039 15
0.031555 6
0.000081 15
0.029195 6
0.000085 15
0.030818 6
0.000034 13
0.000083 2
0.029339 6
0.000084 15
0.029881 6
0.000091 17
0.030985 18
0.000048 1
0.029185 6
0.000067 20
0.030699 19
0.000110 2
0.028772 6
0.000084 15
0.030093 6
0.000076 15
0.030648 18
0.000096 3
0.029298 19
0.000107 2
0.029480 6
0.000036 13
0.000082 2
0.030778 21
0.030100 18
0.000095 3
0.029711 18
0.000037 4
0.029506 6
0.000059 20
0.030706 18
0.000135 3
0.029282 18
0.000114 3
0.029983 19
0.000059 2
0.031106 18
0.000087 3
0.029416 19
0.000082 2
0.029299 19
0.000092 2
0.029012 6
0.000059 15
0.030271 6
0.000036 13
0.032718 6
0.000059 17
0.028349 19
0.029876 6
0.000228 20
0.029899 6
0.000036 15
0.030032 6
0.000033 15
0.031284 19
0.000102 2
0.027975 6
0.000058 15
0.029737 6
0.000085 15
0.030614 6
0.000035 13
0.000084 2
0.030075 6
0.000037 13
0.000083 2
0.029349 6
0.000034 15
0.030422 6
0.000086 17
0.029803 18
0.000100 1
0.031005 6
0.000169 20
0.028407 6
0.000035 15
0.030473 18
0.000087 3
0.029842 6
0.000089 15
0.029384 6
0.000076 15
0.030876 6
0.000032 15
0.029565 18
0.000096 3
0.031497 6
0.000036 13
0.000136 2
0.029185 6
0.000058 15
0.029221 6
0.000089 15
0.029574 6
0.000034 13
0.000050 2
0.031305 18
0.000097 3
0.029535 6
0.000036 13
0.000079 2
0.029655 6
0.000085 15
0.029742 6
0.000032 15
0.029805 18
0.000084 3
0.030089 18
0.000102 3
0.030871 6
0.000069 15
0.029447 6
0.000034 15
0.029705 6
0.000033 15
0.030564 18
0.000033 3
0.030158 19
0.000086 2
0.030846 6
0.000036 15
0.030675 19
0.000083 2
0.028812 6
0.000085 15
0.028942 6
0.000058 15
0.030663 6
0.000036 13
0.000080 2
0.029527 6
0.000044 15
0.030097 6
0.000059 15
0.029986 19
0.030082 6
0.000034 17
0.030240 19
0.029170 6
0.000167 20
0.030604 6
0.000033 15
0.028863 6
0.000113 12
0.000029 3
0.029786 6
0.000036 15
0.029817 6
0.000081 15
0.030514 6
0.000059 15
0.030675 6
0.000081 15
0.029901 6
0.000083 15
0.030373 18
0.000052 5
0.029512 6
0.000068 12
0.000044 1
0.030092 6
0.000150 20
0.029954 18
0.000076 3
0.029890 6
0.000033 15
0.028558 6
0.000030 13
0.000025 2
0.029648 6
0.000032 15
0.031239 6
0.000033 15
0.030486 6
0.000030 15
0.029361 6
0.000029 15
0.030624 18
0.000057 1
0.029292 6
0.000083 17
0.030508 6
0.000033 13
0.030790 6
0.000145 18
0.029421 18
0.000091 3
0.030392 19
0.000084 2
0.028815 6
0.000082 15
0.030699 6
0.000081 15
0.030468 6
0.000034 13
0.000024 2
0.029955 18
0.000032 5
0.030258 6
0.000080 13
0.028995 6
0.000229 19
0.028833 6
0.000077 15
0.030883 6
0.000027 15
0.029879 18
0.000094 3
0.029423 6
0.000027 15
0.029443 6
0.000026 13
0.000043 2
0.030674 19
0.000107 2
0.029932 6
0.000026 15
0.029921 6
0.000027 13
0.000018 2
0.030300 6
0.000027 15
0.030096 18
0.000077 3
0.030194 6
0.000026 15
0.030064 6
0.000026 13
0.000051 2
0.030766 18
0.000138 3
0.029702 6
0.000037 13
0.000019 2
0.028720 6
0.000027 13
0.030100 6
0.000026 13
0.000050 2
0.030792 6
0.000053 15
0.029243 6
0.000090 15
0.030764 6
0.000054 15
0.030545 6
0.000028 15
0.028594 6
0.000053 15
0.030840 6
0.000032 13
0.000041 2
0.029724 6
0.000079 17
0.029980 19
0.029710 6
0.000143 19
0.029092 6
0.000070 15
0.030403 6
0.000054 15
0.030718 6
0.000079 15
0.029937 6
0.000027 15
0.029528 6
0.000027 13
0.000044 2
0.030412 6
0.000026 15
0.030493 6
0.000027 13
0.000050 2
0.029579 6
0.000027 15
0.028829 6
0.000026 15
0.029686 6
0.000027 13
0.000107 2
0.030312 6
0.000075 15
0.030844 6
0.000026 15
0.030300 19
0.029767 6
0.000030 15
0.029499 18
0.000026 3
0.030280 6
0.000026 15
0.029629 6
0.000052 15
0.029293 6
0.000053 15
0.030061 6
0.000053 15
0.029757 6
0.000027 13
0.000023 2
0.029759 6
0.000031 15
0.030587 6
0.000030 13
0.000018 2
0.029553 6
0.000055 15
0.030355 6
0.000026 15
0.029494 6
0.000053 15
0.030555 6
0.000053 15
0.030053 6
0.000053 15
0.030517 6
0.000027 17
0.030059 18
0.000048 1
0.029537 6
0.000116 19
0.029783 6
0.000027 15
0.029907 6
0.000027 13
0.000021 2
0.030271 6
0.000027 15
0.028968 6
0.000039 15
0.029848 6
0.000027 13
0.000046 2
0.030801 6
0.000027 15
0.031045 6
0.000027 13
0.000054 2
0.030934 18
0.000050 3
0.028966 6
0.000075 15
0.029888 6
0.000114 15
0.028666 6
0.000026 13
0.000022 2
0.029921 6
0.000028 15
0.031234 21
0.029282 18
0.000027 3
0.029926 6
0.000032 15
0.030091 6
0.000027 13
0.000052 2
0.030194 6
0.000036 15
0.029507 6
0.000058 13
0.029853 6
0.000083 12
0.000072 3
0.030067 6
0.000059 15
0.030378 6
0.000087 15
0.029229 6
0.000059 15
0.031008 6
0.000059 15
0.029806 6
0.000034 17
0.031022 19
0.029456 6
0.000081 19
0.030003 6
0.000032 15
0.030729 6
0.000033 15
0.028076 6
0.000034 15
0.030139 6
0.000033 15
0.031289 6
0.000033 15
0.028676 18
0.000078 3
0.031692 6
0.000058 15
0.029076 18
0.000091 3
0.030064 6
0.000033 15
0.029236 6
0.000033 13
0.000051 2
0.029426 6
0.000034 15
0.031626 6
0.000059 15
0.029893 23
0.028917 18
0.000054 1
0.031097 6
0.000057 19
0.029680 6
0.000058 15
0.030777 6
0.000033 15
0.028273 18
0.000033 3
0.030236 6
0.000058 15
0.030594 6
0.000034 15
0.028923 6
0.000033 15
0.030361 6
0.000060 15
0.029743 6
0.000049 15
0.029798 18
0.000055 4
0.030521 6
0.000033 19
0.030520 6
0.000059 15
0.029848 6
0.000057 15
0.029345 6
0.000058 15
0.030102 6
0.000058 15
0.030109 6
0.000059 15
0.029987 6
0.000052 13
0.029764 6
0.000036 15
0.030165 6
0.000071 15
0.030259 6
0.000033 15
0.029710 6
0.000085 15
0.029932 6
0.000089 15
0.030621 6
0.000033 15
0.029904 6
0.000060 15
0.030917 6
0.000087 16
0.029778 6
0.000078 19
0.028362 6
0.000074 17
0.029933 6
0.000032 17
0.030036 6
0.000052 13
0.000263 2
0.030556 6
0.000035 15
0.029109 6
0.000037 15
0.030016 6
0.000036 15
0.030649 6
0.000060 15
0.030917 18
0.000037 3
0.029392 6
0.000081 15
0.030261 6
0.000090 15
0.028742 6
0.000033 13
0.000083 2
0.029855 6
0.000033 15
0.030324 6
0.000095 15
0.029607 6
0.000036 15
0.030672 6
0.000111 15
0.029440 6
0.000051 15
0.031721 6
0.000057 15
0.028316 6
0.000040 15
0.029668 6
0.000059 15
0.030119 6
0.000061 15
0.031501 18
0.000086 3
0.028617 6
0.000055 15
0.029583 6
0.000105 17
0.029919 6
0.000033 17
0.030179 6
0.000032 17
0.031005 6
0.000030 15
0.030337 18
0.000048 4
0.031286 6
0.000078 12
0.028087 18
0.030325 18
0.029568 18
0.030316 18
0.030042 18
0.030046 18
0.030878 18
0.029965 18
0.029724 18
0.030816 18
0.550148 6
0.000128 140
0.000058 76
1.797709 6
0.000415 61
0.001527 140
1.905009 1
0.103398 1
0.092288 1
0.184213 1
0.229600 1
0.405781 1
0.113783 1
0.288225 14
0.460124 11
3.148793 140
54.666220 40
0.594163 73
0.013233 28
2.558582 2
1.162124 124
1.039057 250
1.039606 250
1.039201 250
1.039457 250
1.010451 250
1.000597 250
1.027070 250
1.079463 250
1.079533 250
1.079137 251
1.079715 252
1.058609 252
0.999790 252
1.000475 252
1.023782 252
1.069573 252
1.069536 252
1.070088 252
1.069768 252
1.042715 252
1.000490 252
1.000816 252
1.018182 252
1.055467 252
1.054940 252
1.055634 252
1.055013 252
1.055476 252
1.004563 252
1.001069 497
0.028318 64
0.020637 64
0.069643 66
0.261142 103
0.000838 37
0.036055 65
0.635699 65
0.214398 140
10.161166 32
0.637221 193
0.916226 28
0.066901 140
51.871787 1
0.082502 1
0.180966 11
0.004003 78
0.000768 140
9.343624 1
0.070765 1
0.274393 1
0.616719 1
0.264249 1
0.096978 1
0.074298 1
0.264983 1
0.255760 11
0.000293 150
4.193900 1
0.065058 1
0.156002 11
0.004277 45
0.000663 150
16.143786 26
0.728957 45
0.598233 270
0.066882 150
15.487687 28
0.749498 49
0.609600 29
0.572709 53
0.091725 150
4.042661 18
0.655529 29
0.003347 55
0.000848 8
0.000157 142
12.627002 21
0.582363 35
0.002956 167
0.000061 178
0.000053 73
0.000056 179
0.000171 299
0.000064 32
0.003002 150
8.511722 12
1.197030 25
0.250367 4
0.166530 4
0.147774 4
0.448062 1
0.164357 1
0.123591 1
0.185806 1
0.120729 1
0.095511 1
0.218606 11
0.005159 150
11.982457 1
0.155225 1
0.108198 1
0.129261 1
0.133765 1
0.424754 1
0.622679 1
0.227596 1
0.438119 4
0.202422 1
0.100075 1
0.032095 1
0.197387 1
0.227230 11
0.005125 150
1.236135 1
0.150999 1
0.586261 1
0.079562 1
0.194811 1
0.160591 1
0.630093 4
0.164934 4
0.166133 4
0.176764 4
0.164224 4
0.178876 4
0.171230 1
0.179069 1
0.169434 1
2.575660 1
0.082523 1
0.131222 11
0.003867 84
0.000741 150
8.739043 20
0.570318 196
0.003857 121
0.000483 254
0.000891 150
16.277085 1
0.119278 1
0.672738 1
0.083888 1
0.115631 1
0.108051 1
0.246392 1
0.115668 1
0.088874 1
0.125025 1
0.045598 1
0.094747 1
0.199634 11
0.003549 150
0.642679 1
0.119694 1
0.492526 1
0.113766 1
0.105192 1
0.142924 1
0.769187 1
0.832392 1
0.144464 1
0.055328 1
0.461037 1
1.060969 11
0.003242 150
1.253158 1
0.100215 1
0.113928 11
0.003448 45
0.000660 150
10.861641 30
0.729885 53
0.003100 16
0.000615 150
11.153951 37
0.640544 67
0.019432 60
0.003284 150
55.484423 32
1.133387 57
0.023070 150
13.120794 27
0.544112 47
0.021723 150
8.499342 18
0.151829 39
0.643923 11
0.437540 53
0.505340 26
0.656635 13
1.534988 11
0.440077 24
0.566060 13
0.872892 10
0.485928 11
0.003605 121
0.000315 74
0.000068 180
0.000875 150
46.747615 30
0.568401 206
0.098150 41
0.012758 150
9.862797 30
0.649420 206
0.021995 150
4.490567 20
0.518412 196
0.007977 10
2.290509 2
0.444278 170
4.456773 1
0.166667 1
0.139756 1
0.210350 1
0.310977 1
0.083071 1
0.180884 1
0.224454 1
0.466356 4
0.125469 1
0.803100 1
0.212875 11
0.007394 10
1.865222 2
0.147686 172
42.267492 23
0.614210 232
0.012291 28
2.936614 2
0.098101 36
0.002344 172
20.102620 1
0.017745 1
0.297285 1
0.660973 1
0.145493 1
0.159460 1
0.676870 4
0.157401 4
0.136548 4
0.390390 1
0.836684 1
0.304665 1
0.736339 1
0.306544 1
0.434694 1
0.722575 1
0.130669 1
0.286159 1
0.096945 1
0.134078 1
0.816717 4
0.069000 1
0.242467 1
0.385064 1
0.455556 11
0.000081 63
0.000182 8
0.000047 164
68.872308 1
0.084949 1
0.157457 1
0.330847 1
0.142171 1
0.129305 1
0.106767 1
0.062877 1
0.077109 1
0.224236 11
0.007370 10
1.804818 2
0.139524 124
2.621188 1
0.124176 1
0.210760 1
0.280005 1
0.151192 1
0.179439 11
0.000098 8
0.000096 94
1.763014 1
0.109963 1
0.815409 1
0.181208 1
0.555597 1
0.209120 1
0.341665 1
0.244556 1
1.014652 1
0.181800 1
0.122938 1
0.182419 1
0.229618 11
0.000225 106
1.536879 1
0.114605 1
0.226253 1
0.291113 1
0.124018 1
0.116229 1
0.209536 11
0.012819 10
0.000066 278
0.000990 106
4.351554 1
0.157918 1
0.162937 1
1.255465 1
0.412209 1
0.882933 1
0.116468 1
0.152412 1
0.368863 1
0.531239 1
0.429492 11
0.008350 10
1.919952 2
0.157443 91
0.001912 141
0.530780 279
0.002472 2
0.003399 220
0.024417 2
0.005455 67
0.000165 23
0.004868 7
0.027747 88
29.718605 1
0.092159 1
0.260519 1
0.568348 1
0.542191 1
0.162595 1
0.321389 1
0.199394 1
0.386268 1
0.204394 1
0.099599 1
0.187394 1
0.219297 11
0.000286 104
1.291449 1
0.211063 1
0.210162 1
0.301053 1
0.211737 1
0.465827 1
0.229301 1
0.102629 1
0.362324 4
0.124055 4
0.089316 1
0.131334 1
0.306383 1
0.118043 1
0.467239 4
0.129007 4
0.373750 1
0.088806 1
0.164431 1
0.041788 1
0.212249 11
0.006714 833
0.000718 104
7.928784 1
0.086068 1
0.289558 4
0.144759 4
2.184030 1
0.088669 1
0.181669 1
0.425428 1
0.184497 1
0.125245 1
0.135283 1
0.029831 1
0.131202 1
0.389313 11
0.027214 10
2.616899 2
0.152544 159
0.003579 310
0.000409 101
0.000029 49
2.112272 176
0.035839 124
4.143413 1
0.070330 1
0.209062 1
0.275740 1
0.425079 1
0.296005 11
0.000311 102
1.494350 1
0.329180 1
0.424486 4
0.155104 4
0.457605 1
0.219839 1
0.269056 1
0.505116 1
0.311736 4
0.169574 1
0.135337 1
0.269364 1
0.165808 1
0.092990 1
0.346872 4
0.136517 4
0.079453 1
0.139447 1
0.181372 1
0.074370 1
0.355587 1
0.221613 1
0.112216 11
0.012334 42
0.000586 102
1.977193 1
0.064081 1
0.220204 1
0.216086 1
0.259892 1
0.430584 1
0.265995 4
0.044944 1
0.280572 1
0.164666 1
0.606796 1
0.320516 4
0.124039 4
0.345327 1
0.159839 1
0.211820 1
0.129921 1
0.118177 1
0.256562 11
0.000096 106
1.266195 1
0.185259 1
0.181850 1
0.179264 1
0.204583 1
0.310522 1
0.190445 1
0.003604 1
0.818297 1
0.127533 1
0.153272 1
0.075460 1
0.158882 11
0.002956 833
0.000629 106
1.648725 1
0.097737 1
0.085856 1
0.105148 1
0.250695 1
0.285412 1
0.079355 1
0.206872 1
0.186004 1
0.444674 1
0.370061 1
0.576563 1
0.560913 1
0.339489 1
0.176354 1
0.255418 1
0.345119 1
0.390276 4
0.191153 1
0.109130 1
0.104493 1
0.210998 1
0.574853 4
0.247176 1
0.323557 1
0.246504 1
0.120678 1
0.345000 1
0.339196 1
0.081950 1
0.182449 1
0.090276 1
0.140757 11
0.031613 28
1.737107 2
0.128083 75
0.001638 98
0.000879 123
0.000198 369
0.001389 1150
0.000175 325
9.749102 6
0.000189 65
0.011055 106
3.933644 1
0.185850 1
0.239261 1
0.382674 1
0.208459 1
0.487690 1
0.414904 4
0.078385 1
0.190776 1
0.145160 1
0.196704 1
0.352885 1
0.225472 1
0.166046 11
0.011438 3437
0.000064 451
0.000679 106
5.444712 1
0.185443 1
0.151060 1
0.118547 1
0.301266 4
0.396358 1
0.179791 1
0.190474 1
0.103964 1
0.113411 1
0.248600 1
0.479565 1
0.127877 1
0.258267 1
0.199862 1
0.200114 1
0.173668 1
0.438561 1
0.223577 1
0.144470 11
0.023102 75
0.000218 58
0.000221 41
0.001003 492
0.001517 328
0.000125 827
8.629268 22
0.188151 22
0.183542 22
0.500537 22
0.032873 18
0.000031 4
0.027971 22
0.031210 22
0.029666 18
0.000055 5
0.028376 18
0.000136 5
0.031331 23
0.159759 18
0.000103 5
0.173504 23
0.171326 23
0.190703 23
0.151920 23
0.194578 23
0.169485 23
0.172100 23
0.183618 23
1.626839 45
0.001039 43
1.120505 6
0.000682 158
0.730232 23
0.330519 35
0.002653 6
0.000687 46
0.812504 6
0.000900 159
0.569162 22
0.430661 6
0.000560 40
0.942088 6
0.001585 102
1.383935 6
0.000125 46
1.942357 6
0.009275 37
0.003137 88
1.077516 6
0.000544 65
0.004135 106
4.778031 1
0.233505 1
0.420758 1
0.129285 1
0.191912 1
0.310300 1
0.096479 1
0.204690 1
0.110801 1
0.285672 1
0.150645 1
0.308036 1
0.174631 1
0.123786 1
0.169888 1
0.141534 1
0.933298 1
0.329834 1
0.117497 1
0.077626 1
0.093528 1
0.466845 1
0.697429 1
0.088750 1
0.184431 11
0.022746 75
0.000240 56
0.000913 492
0.000143 17
5.901061 14
0.004112 28
0.001122 26
0.000071 520
0.000025 12
6.716417 6
0.000034 37
0.012582 86
0.708652 6
0.000151 65
0.003777 106
5.596297 30
0.691658 53
0.032407 106
6.061184 1
0.109016 1
0.532946 1
0.133054 1
0.355594 1
0.296837 1
0.195311 1
0.150692 1
0.090846 1
0.203988 1
0.869368 1
0.127545 1
0.345996 9
0.429945 11
0.022589 75
0.009474 97
0.000856 509
2.559819 34
0.000342 20
0.401579 22
0.393534 19
0.211863 19
0.138653 19
0.160536 19
0.179593 19
0.826157 19
0.427081 19
0.157088 19
0.498143 21
0.145780 19
0.116997 19
0.293809 19
0.109728 19
0.311839 21
0.163888 19
0.094811 35
0.112717 19
0.411025 19
0.321146 23
2.288574 19
0.144900 19
0.097176 19
0.414911 19
0.101318 19
0.158094 19
0.091779 19
0.285032 19
1.051797 6
0.000187 37
0.011877 86
0.362534 6
0.000262 66
0.003874 106
2.208209 3
0.145243 3
0.000475 1
0.715530 4
0.139678 5
0.179645 5
0.123581 1
0.477113 1
0.104588 1
0.276044 4
0.131786 4
0.203090 1
0.065833 1
0.214333 1
0.235879 1
0.110084 1
0.113914 1
0.236743 11
0.012655 400
0.000804 106
1.825822 1
0.114462 1
0.590098 4
0.160797 4
0.184477 1
0.342521 1
0.173736 1
0.074509 1
0.287258 4
0.158765 4
0.205476 1
0.094436 1
0.099705 1
0.240153 1
1.242966 1
0.280681 1
0.395211 1
0.149064 1
0.154825 1
0.462720 1
0.314798 1
0.263808 1
0.202044 1
0.344884 1
0.430032 1
0.119968 1
0.176129 1
0.126614 1
0.151557 1
0.353195 1
0.388958 4
0.404956 1
0.296487 1
0.150562 1
0.074360 1
0.108540 1
0.362819 1
0.320334 1
0.109447 1
0.181094 11
0.031806 106
3.472870 1
0.085203 1
0.128344 11
0.003789 44
0.000715 106
7.140970 1
0.111152 1
0.107567 1
0.093622 1
0.453759 1
0.295973 1
0.284715 1
0.382523 1
0.283369 4
0.083845 1
0.213940 1
0.258321 4
0.093784 1
0.130443 1
0.139110 1
0.143867 1
0.131626 1
0.863108 1
0.257377 1
0.141190 1
0.121662 1
0.153512 1
0.437469 4
0.135420 4
0.150728 4
0.134579 4
0.207405 1
0.079255 1
0.072948 1
0.105426 1
0.501970 1
0.359905 1
0.085577 1
1.527322 11
3.000794 106
14.737044 1
0.100323 1
0.264806 1
0.670981 1
0.330219 1
0.231453 1
0.113151 1
0.183608 1
0.492650 1
0.200265 11
0.000341 98
0.577002 1
0.106399 1
0.141180 11
0.003907 562
0.000747 98
52.581594 95
0.047233 95
0.028924 95
0.015723 95
0.015510 95
0.015728 95
0.024063 95
0.025924 95
0.102499 95
0.060365 95
0.087846 95
92.617604 1
0.143903 1
0.254645 1
0.660343 1
0.246585 1
0.118172 1
0.397043 4
0.588629 1
0.477958 1
0.224007 1
0.355658 1
0.300506 1
0.825538 1
0.587068 11
0.000092 39
0.000055 98
3.524685 1
0.218936 1
0.425339 4
0.311646 1
0.122838 1
0.191122 1
0.199182 1
2.019080 4
0.339343 4
0.174627 4
0.163458 4
0.148740 4
27.901705 1
0.089399 1
0.124715 1
0.345073 4
0.154722 4
0.166658 4
0.155516 1
1.635091 30
43.034194 45
0.512638 4
0.500428 4
0.029601 4
0.030277 4
0.029079 4
0.033102 4
0.027741 4
0.029851 4
0.029457 4
0.031511 4
0.030623 4
0.029537 4
0.029969 4
0.029465 4
0.029778 4
0.031272 4
0.029960 4
0.030335 4
0.028944 4
0.029667 4
0.031248 1
0.030307 1
5.444861 1
0.041673 1
0.406045 4
0.125838 4
0.235065 1
0.094739 1
0.129194 1
0.153851 1
0.131575 1
0.122865 1
0.233088 11
0.006848 814
0.000201 1189
0.000887 98
1.951222 1
0.150981 1
0.212814 1
0.394757 1
0.176380 1
0.104307 1
0.179999 1
0.455705 4
0.640084 4
0.146963 4
0.099465 1
0.134346 1
0.381917 1
0.170547 1
0.198731 1
0.421009 1
0.295035 4
0.171332 4
0.232968 1
0.075656 1
0.384120 1
0.207806 1
0.194186 11
0.000051 38
0.000231 90
6.615911 12
0.648928 1
0.160362 139
44.869849 13
0.714985 1
0.391274 1
1.734751 9
0.864345 3
0.443559 3
0.696452 11
0.000034 48
0.000067 90
4.925997 1
0.130358 1
0.120323 1
1.009592 1
0.180130 1
0.315797 4
0.074029 1
0.125424 1
0.272482 1
0.194974 1
0.350047 1
0.120265 1
0.657558 1
0.198499 11
0.008485 10
1.877800 2
2.626025 28
0.000989 98
2.114096 11
0.547859 11
0.007352 10
19.652952 2
0.093059 80
0.000138 51
3.094900 2
3.517666 45
0.001524 98
24.601158 11
0.741170 11
0.007695 10
3.861473 2
0.095076 80
0.000311 51
2.666858 2
3.311931 45
0.001175 98
1.965657 11
1.116694 11
0.006884 10
3.890556 2
0.094599 80
0.000362 51
69.373072 2
3.434055 45
0.001379 98
0.860330 1
0.065007 1
0.108819 1
0.121632 1
0.205785 1
0.394458 4
0.191235 1
0.312883 1
0.100746 1
0.158256 1
0.154816 1
0.184835 1
0.154203 1
0.370915 1
0.366731 1
0.208267 1
0.291467 1
0.195867 1
0.179368 1
0.294540 1
0.134876 1
0.632498 1
0.239320 11
0.035338 14
4.667455 23
1.438250 2
0.059858 39
0.003766 98
2.041902 1
0.133106 1
0.138766 1
0.263994 1
0.350677 1
0.090142 1
0.437948 1
0.567680 1
0.146296 1
0.150601 1
57.939177 1
25.217905 11
0.007202 10
2.078905 2
0.147763 102
87.377371 26
0.598650 45
0.006065 56
0.010010 102
40.464753 30
0.576162 53
0.003937 75
0.000628 102
24.600004 14
0.946682 21
0.020008 894
0.000668 102
25.603675 28
0.600372 49
0.016568 102
257.501481 19
0.204996 27
0.195105 26
0.176518 28
0.200084 1
0.183057 1
0.567196 4
0.499696 4
0.030978 4
0.029773 4
0.029582 4
0.030534 4
0.028750 4
0.031358 4
0.029384 4
0.030149 4
0.029441 4
0.030414 4
0.031408 4
0.028695 4
0.031013 4
0.030026 4
0.029747 4
0.029637 1
0.029343 1
0.029412 1
0.030829 1
0.029824 1
0.030600 1
0.135758 1
0.114620 1
0.154809 1
0.190126 1
0.145413 1
0.105444 1
0.150754 1
0.043864 1
0.075469 1
0.224574 11
0.008478 10
1.725679 2
0.139835 124
0.276574 1
0.095977 1
0.149603 1
0.510532 4
0.174674 4
0.515004 1
0.160275 1
0.916043 1
0.167168 1
0.263451 4
0.150326 4
0.619146 1
0.227951 1
0.128381 1
0.312309 1
0.200118 1
0.230450 1
0.140865 1
0.633966 1
0.191354 11
0.007351 10
4.288874 2
2.738977 28
0.000985 124
1.596904 1
0.152940 1
0.133057 1
0.723991 1
0.129411 1
0.241647 4
0.095116 1
0.102538 1
0.197614 1
0.181794 1
0.216303 1
0.158579 1
0.102358 1
0.593114 4
0.481475 1
0.283019 11
0.007361 10
3.703562 2
0.096054 80
0.000114 51
3.508650 2
0.095654 14
1.964204 23
1.939546 38
0.000032 14
12.852619 23
2.162386 2
0.183597 150
13.266364 1
0.171858 1
1.684971 1
1.002370 1
0.190585 1
0.147276 1
0.407505 1
0.212477 1
0.188755 1
0.340620 1
0.310539 4
0.140580 4
0.193160 1
0.065594 1
0.797969 1
0.238809 11
0.009612 189
6.872277 1
0.182580 1
0.948368 4
0.141520 4
0.127331 1
0.112258 1
0.147717 1
0.256436 1
0.180706 1
0.905862 4
0.134108 4
0.295647 1
0.155603 11
0.000083 94
2.305998 1
0.121941 1
0.180837 1
0.188070 1
0.458015 1
0.306142 1
0.253162 1
0.666823 4
0.295845 1
0.245330 1
0.320473 4
0.145397 4
0.134444 4
0.221091 1
0.173507 1
0.081037 1
0.105792 11
0.000102 102
2.481262 1
0.092370 1
0.233765 1
0.231497 1
0.301331 1
0.303803 4
0.196269 1
0.068081 1
0.502239 1
0.196599 1
0.325158 1
0.139658 1
0.516627 1
0.199286 11
0.000261 94
4.759945 1
0.072114 1
0.188581 11
0.003774 44
0.000675 94
4.107242 1
0.068296 1
0.148098 1
0.639053 1
0.143945 1
0.115536 1
0.246797 11
0.004417 10
0.000037 458
0.000818 94
7.786109 1
0.189257 1
0.245462 1
0.271761 1
0.569540 1
0.138897 1
0.154387 1
0.137825 1
0.801557 1
0.164106 1
0.435297 4
0.068731 1
0.178851 1
0.274897 1
0.279795 1
0.215421 1
0.152951 11
0.003018 26
0.000715 94
3.041237 1
0.127416 1
0.155116 1
0.313925 1
0.171158 1
0.209481 1
0.530734 1
0.271024 11
0.000346 311
0.000156 94
911.334986 1
0.092171 1
0.135213 1
0.260310 1
0.135209 1
0.122173 1
0.098396 1
0.099894 1
0.050456 1
0.210122 11
0.013032 10
1.954634 2
0.153110 124
2.355972 1
0.091056 1
0.239858 4
0.064526 1
0.155847 1
0.561657 1
0.160698 1
0.265122 1
0.570787 1
0.189389 1
0.155802 1
0.279649 1
0.164963 1
0.110462 1
0.205175 11
0.007684 64
0.000749 124
2.796174 1
0.075947 1
0.098858 1
0.080752 1
0.149702 1
0.401152 1
0.169785 1
0.136103 1
0.660044 4
0.521767 1
0.430238 1
0.170054 1
0.431288 1
0.150222 1
0.170345 1
0.475794 1
0.191624 1
0.184143 1
0.197078 1
0.635548 1
0.265942 1
0.164297 1
0.180133 1
0.501074 1
0.341060 1
2.826999 11
0.018843 28
1.668753 2
0.139963 124
2.867916 1
0.218155 1
0.522209 4
0.085175 1
0.176140 1
0.397711 1
1.138836 1
0.208897 11
0.000542 102
0.591752 1
0.065338 1
0.265261 1
0.151600 1
0.164756 1
0.154366 19
0.000127 82
2.663695 1
0.195368 1
0.139282 1
0.265146 1
0.403138 1
0.388632 1
0.180272 1
0.190045 1
0.311685 4
0.165555 4
0.129060 4
0.337235 1
0.158498 1
0.186954 1
0.139386 1
0.571440 1
0.211076 1
0.140229 1
0.173629 1
0.179613 1
0.398396 1
1.194416 1
0.376757 1
0.163141 1
0.227976 1
0.260198 4
0.119785 4
0.250473 1
0.173012 1
0.186877 1
0.421643 1
0.383505 1
0.276717 1
0.190585 1
0.140661 1
0.582289 4
0.288952 1
0.209217 1
0.120505 1
1.563226 1
87.953204 4
162.447399 4
0.499093 4
0.028634 4
0.029783 4
0.031611 4
0.028147 4
0.031436 4
0.029455 4
0.029350 4
0.032296 4
0.028586 4
0.029541 4
0.031037 4
0.029159 4
0.031372 4
0.029694 4
0.030932 4
0.030387 4
0.028951 4
0.030363 4
0.029936 4
0.028464 4
0.030119 4
0.029990 4
0.031704 4
0.030380 4
0.029659 4
0.029344 1
0.029694 1
0.030868 1
0.030334 1
0.028837 1
0.030012 1
0.059844 1
0.159680 1
0.510943 1
0.156098 1
0.566015 1
0.220485 1
0.280797 1
0.415000 1
0.260412 1
0.319611 1
0.200237 1
0.129868 1
0.366723 1
0.416341 4
0.140338 4
0.157205 4
0.739220 1
0.154279 1
0.291160 1
0.082155 1
0.373285 4
0.129242 4
0.250427 1
0.157570 1
0.484837 11
0.004755 1318
0.000756 90
105.798887 1
0.196302 1
0.164489 1
0.177992 1
0.438881 4
0.128808 4
0.058978 1
0.173944 1
0.122177 1
0.677207 1
0.143150 1
0.167043 1
0.210628 1
0.652246 1
0.464098 1
0.380208 1
0.142644 1
0.188406 1
0.556411 4
0.404798 1
0.124551 1
0.560183 1
0.472057 1
0.545280 1
0.165106 1
0.198883 1
0.281583 1
0.180188 1
0.321076 1
0.188869 1
0.195229 1
0.472416 4
0.224374 1
0.260600 1
0.123628 1
0.310874 4
0.136495 4
0.213972 1
0.153494 1
0.165426 1
3.035562 1
0.281990 1
0.195363 1
0.550670 1
9.577626 4
0.170186 4
0.198232 4
0.137208 4
0.143882 4
0.881508 11
0.005431 36
0.000709 90
10.525516 1
0.093341 1
0.076521 1
0.113523 1
0.133852 1
1.678299 1
0.125219 1
0.149569 1
0.090270 1
0.195553 1
0.622115 1
0.148289 1
0.134788 1
0.184601 1
0.577591 4
0.926848 1
0.684787 1
0.284958 1
0.093333 1
0.055424 1
0.107734 1
0.278985 1
0.327151 1
0.118765 1
0.168319 11
0.032911 75
0.001507 56
0.001178 112
0.000301 368
5.954057 6
0.000296 8
0.003055 28
0.001287 414
3.706627 21
0.434468 23
0.234934 18
0.199234 18
0.252013 21
0.175904 21
0.170706 21
0.163492 21
0.331576 6
0.000050 79
0.000164 11
1.124882 18
0.000033 5
0.416096 6
0.000083 80
0.756269 22
0.174491 19
0.311644 120
1.211823 22
2.352579 6
0.000352 37
0.013224 86
0.416373 6
0.000056 14
0.000373 52
0.004200 90
1.821118 1
0.237082 1
0.209971 1
0.651712 4
0.119518 1
0.134019 1
0.115756 1
0.452342 4
0.159987 4
0.128822 4
0.155402 4
0.159365 4
0.495855 22
0.160995 49
0.625363 11
0.004016 36
0.000764 90
9.857213 1
0.129760 1
0.077816 1
0.174160 1
0.169495 1
5.012047 1
0.130146 1
0.455606 1
0.141235 1
0.094299 1
0.595984 1
0.334732 1
0.181716 1
0.193946 1
1.802897 4
0.179723 4
0.156394 4
0.169889 4
0.158985 4
0.171927 4
0.159629 4
0.164414 4
0.159314 4
0.185137 4
0.182318 4
0.180607 4
0.163412 4
0.295964 4
0.224891 1
0.258784 1
0.119024 1
0.116647 11
0.004228 60
0.000652 90
28.918010 40
0.549708 112
0.000068 9
0.020352 90
1.811344 1
0.117786 1
0.268627 1
0.450116 1
0.561863 1
0.313551 1
0.205653 1
0.253848 1
0.421302 1
0.265167 4
0.206163 1
0.107696 1
0.198580 1
0.394273 1
0.209339 1
0.155777 1
0.115102 1
0.511634 1
0.154491 1
0.118236 11
0.000339 116
0.986986 1
0.044178 1
0.145680 11
0.004314 98
0.000717 116
20.352771 1
0.126247 1
0.081281 1
0.137181 1
0.317202 1
0.491103 1
0.097032 1
0.172186 1
0.430331 4
0.210616 1
0.171374 1
0.134618 1
0.570752 1
0.345410 1
0.945577 4
0.349683 1
0.236657 1
0.264451 1
0.402101 1
0.149948 1
0.182494 1
0.893476 1
1.086653 1
0.300203 1
0.129471 1
0.050570 1
0.114328 1
0.254163 1
0.273325 1
0.064261 1
0.223649 11
0.029782 116
2.318491 1
0.155292 1
0.107563 11
0.004424 110
0.000745 116
36.176644 1
0.088659 1
0.213322 1
0.197051 1
0.820802 4
0.279766 1
1.007345 1
0.669731 1
0.271887 1
0.215666 1
0.364757 1
0.199187 1
0.061258 1
0.134481 1
0.255779 11
0.000384 106
0.877570 1
0.048277 1
0.143114 11
0.005211 44
0.000690 106
2.744386 1
0.336099 1
0.563803 1
0.741882 1
0.244143 14
2.057862 1
0.452104 1
0.474539 1
0.184937 1
0.470421 1
0.216523 1
0.178527 1
0.321689 1
0.564406 1
0.208245 1
0.187841 1
0.176937 1
0.470486 1
0.144455 1
0.446996 1
0.262116 11
0.004870 99
0.000857 106
26.846055 1
0.157368 1
0.132768 1
0.135357 1
0.169899 1
0.242081 1
0.274865 1
0.144424 1
0.966095 1
0.393054 14
1.337545 1
0.269794 1
0.508373 1
0.239763 1
0.222968 1
0.258286 1
0.251846 1
0.226905 1
0.294699 1
0.159441 1
0.527936 1
0.127876 1
0.500008 1
0.301096 1
0.259357 1
0.190580 11
0.026352 106
1.880380 1
0.120981 1
0.226415 1
0.435321 1
0.820725 4
0.318185 1
0.532162 1
0.510812 4
1.115026 1
0.496633 1
0.180187 1
0.236120 1
0.155401 1
0.561304 4
0.174300 4
0.145230 4
0.563971 1
0.172066 1
0.175022 1
0.225177 1
1.010648 1
0.147790 1
0.175139 1
0.187104 1
0.157324 1
0.521224 1
0.119152 1
0.178826 11
0.000038 116
0.764937 1
0.093364 1
0.113819 11
0.003958 138
0.000833 116
15.573658 1
0.169160 1
0.129408 1
0.114217 1
0.475865 1
0.266840 1
0.227668 1
0.922582 1
0.877218 1
0.263945 12
0.716577 11
0.091440 41
0.054981 41
0.055165 41
0.057693 41
0.053164 82
0.003483 116
4.361482 2
0.146982 21
0.151666 25
0.349831 19
0.366642 55
0.465505 141
0.466747 38
0.383707 14
0.350195 17
0.291908 28
0.382984 31
0.287007 19
0.271356 48
0.216469 36
0.356681 29
0.802126 11
0.004295 80
0.000667 116
16.313150 1
0.114627 1
0.114177 1
0.280392 1
0.142646 1
0.107624 1
0.440545 1
0.110023 1
0.167166 1
0.213314 1
0.105092 1
0.332323 4
0.143927 4
0.733401 4
0.229801 1
0.124705 1
0.565932 4
0.159131 4
0.146527 4
0.069040 1
0.141320 1
0.083791 1
0.341112 1
0.665995 11
0.008623 10
1.908285 2
3.183373 28
0.001343 116
1.647038 11
0.240162 11
0.007279 10
2.214913 2
3.007906 28
0.000077 116
7.880652 11
0.475698 11
0.009241 10
2.704036 2
3.475399 28
0.001714 116
36.630970 34
0.622763 52
0.000032 9
0.004443 922
0.000792 116
17.666947 34
0.580006 61
0.006261 922
0.001111 116
8.831826 32
0.547280 57
0.025970 36
0.003610 116
9.710979 1
0.138895 1
0.362579 1
0.762527 11
0.624334 1
0.131534 1
0.259927 1
0.233854 1
0.361057 1
0.069380 1
0.163616 1
0.236751 1
0.279467 2
0.000035 10
1.082418 4
0.251207 4
1.177359 2
0.335148 2
0.000934 2
0.000350 116
0.689241 3
0.345780 26
0.363340 48
0.437066 41
2.772667 11
0.010447 10
2.633291 2
3.625972 28
0.001063 116
12.451022 11
0.392780 11
0.007713 10
2.703001 2
0.099059 80
0.000099 51
4.663568 2
0.096353 14
1.925799 23
2.126750 2
0.194200 142
7.076079 1
0.100713 1
0.224767 1
0.234085 1
0.128511 1
0.101964 1
0.495792 4
0.128727 4
0.060203 1
0.145673 1
0.086072 1
0.189471 1
0.156101 1
0.315816 1
0.430185 1
0.168446 11
0.000231 39
0.000053 142
11.803567 1
0.147208 1
0.438740 4
0.151237 4
0.171057 1
0.106102 1
0.173967 1
0.204650 1
0.145333 1
0.650467 4
0.121033 4
0.299379 1
0.109217 11
0.000060 94
1.428546 4
0.164607 9
0.525683 11
0.000087 141
3.684501 1
0.129953 1
0.445219 1
0.079355 1
0.281191 4
0.135449 4
0.149795 4
0.156959 4
0.093463 1
0.109649 1
0.506049 1
0.133280 1
0.474435 4
0.243851 1
0.425209 4
0.237521 1
0.327038 1
0.279862 1
0.105226 1
0.139595 1
0.292997 4
0.138873 4
0.435384 4
0.210692 1
0.161027 1
0.085708 1
0.137520 1
0.216119 11
0.000097 102
1.171737 9
0.154564 14
0.555617 105
2.859954 1
0.131279 1
0.309633 1
0.094040 1
0.160513 1
0.440218 1
0.345697 1
0.205040 1
0.229697 1
1.131783 1
0.334972 4
0.610528 1
0.229918 1
0.121116 1
0.598663 1
0.168299 1
0.136513 1
0.210807 11
0.014374 94
0.746666 1
0.102497 1
0.434545 1
0.176268 1
0.074854 1
0.182877 11
0.004478 67
0.000740 94
1.116574 1
0.080914 1
0.186842 1
0.501138 1
0.318864 1
0.108136 1
0.175415 11
0.005096 541
0.000746 94
4.021591 1
0.364250 1
0.140933 1
0.083167 1
0.751486 1
0.122772 1
0.150876 1
0.208992 1
0.779299 1
0.236551 1
0.214786 1
0.220041 1
0.144029 1
0.117711 1
0.704362 1
0.732521 4
0.790953 1
0.179768 11
0.005134 128
0.000334 254
0.000850 94
209.809643 1
0.102151 1
0.484916 1
0.202898 1
0.405529 1
0.140877 1
0.318406 1
0.166865 1
0.179856 1
0.440263 1
0.284885 1
0.190884 1
0.150296 1
0.221228 1
0.616080 1
0.334649 1
0.139417 1
0.179723 1
0.185301 1
0.478748 1
0.325745 1
0.291461 4
0.111742 1
0.119751 1
0.092622 1
0.511478 1
0.150805 1
0.140138 11
0.012895 94
1.415086 1
0.264894 1
0.214377 1
0.173619 1
0.261692 1
0.138237 1
0.198023 1
0.169540 1
0.607644 1
0.209277 1
0.098290 1
0.136449 1
0.235773 1
0.170354 1
0.179962 11
0.003672 127
0.000457 255
0.000874 94
7.778285 1
0.092799 1
0.096247 1
0.125586 1
0.144124 1
0.723081 1
0.405272 1
1.041852 1
0.163600 1
0.135713 1
0.184964 1
0.612424 4
0.208395 1
0.531978 1
0.888125 1
0.357956 1
0.821401 1
0.175156 1
0.084068 1
0.180092 1
0.139795 1
0.150296 1
0.231634 1
0.141742 1
0.297907 4
0.160859 4
0.160849 4
0.442272 1
0.189269 1
0.111075 1
0.196864 1
0.270713 4
0.034324 1
0.207084 1
0.082734 1
0.165484 11
0.014210 30
2.865688 2
0.098264 38
0.001730 94
7.136277 1
0.111002 1
0.176308 1
0.862540 1
0.149069 1
0.148225 1
0.124837 1
0.098294 1
0.069475 1
0.222609 11
0.008481 10
1.869160 2
0.143455 124
3.713161 1
0.099584 1
0.511707 1
1.071764 1
0.489680 1
0.189678 1
0.209991 1
0.116018 1
0.211253 1
2.165935 4
0.735185 4
0.156989 4
0.145271 4
0.560120 4
0.265266 1
0.199016 1
0.080835 1
0.145510 1
0.166970 1
0.344635 4
0.150641 4
0.143884 4
0.144922 4
0.820780 1
0.169303 1
0.086339 1
0.224627 1
0.550876 1
0.296462 4
0.087713 1
0.155172 1
0.609326 4
0.129930 1
0.117745 1
0.317955 4
0.173523 1
0.073906 1
0.152932 1
0.199874 1
0.428920 1
0.505371 1
0.146531 11
0.000164 45
0.000180 124
2.627098 1
0.137716 1
0.216570 1
0.912486 1
0.577763 4
0.638295 1
0.265385 11
0.000325 90
0.626435 1
0.104999 1
0.233956 1
0.205362 1
0.562698 1
0.199091 1
0.105636 1
0.193825 1
0.226283 4
0.148022 4
0.127494 4
0.217306 1
0.145904 1
0.094981 1
0.119688 11
0.000218 98
1.367469 1
0.140020 1
0.252941 1
0.323975 1
0.471259 1
0.117468 1
0.117976 1
0.220328 1
0.250806 4
0.149978 4
0.144267 4
0.053617 1
0.126588 1
0.119562 1
0.426252 1
0.199798 1
0.231116 1
0.253883 1
0.200074 11
0.000216 146
2.336586 1
0.084419 1
0.106023 11
0.004553 565
0.000716 98
2.855087 2
0.496409 14
3.978649 1
0.175385 1
0.140502 1
0.138965 1
0.150338 1
0.151820 1
0.125318 1
0.344032 1
0.345930 21
0.370464 3
0.175741 3
0.164110 3
0.155588 3
0.150163 3
0.160803 3
0.154850 3
0.439989 3
0.280049 1
0.196601 11
0.000214 138
5.833931 1
0.155582 1
1.252733 1
0.123301 1
0.187884 1
8.984636 1
0.129086 1
0.252244 1
0.142735 1
0.095696 1
0.781309 1
0.551037 1
0.108855 1
0.622016 1
0.103732 1
0.151785 1
0.334023 1
0.182504 1
0.178821 1
0.441728 1
0.205934 1
0.128540 1
0.352004 1
0.224731 1
0.269020 1
0.166999 11
0.019962 61
0.003124 98
10.572319 1
0.115177 1
0.206937 1
0.709262 4
0.156691 4
0.134581 4
48.844962 24
0.805306 32
0.000033 9
0.005709 75
0.000990 98
4.846158 1
0.124017 1
0.055684 1
0.175703 1
0.179096 1
0.396647 1
0.083289 1
0.345868 1
0.112935 1
0.214755 1
0.329731 4
0.384573 1
0.216923 1
0.270665 1
0.027938 1
0.425700 1
0.211417 1
0.365546 1
0.148163 1
0.474857 1
0.172815 11
0.104284 91
0.002960 141
0.746866 279
0.003027 2
0.004050 220
0.030801 2
0.007085 93
0.005492 7
0.029576 94
6.415867 1
0.121770 1
0.132911 1
0.205772 1
0.133793 1
0.099492 1
0.100525 1
0.054979 1
0.063850 1
0.212339 11
0.010858 10
1.980967 2
0.143423 159
0.003153 274
0.000517 150
2.113486 176
0.034219 124
2.339523 1
0.041436 1
0.185613 1
0.204722 1
0.151761 1
0.392107 4
0.148468 4
0.562464 1
0.233602 11
0.000311 90
9.762418 32
0.762139 57
0.007364 28
2.442494 2
0.104496 60
0.003474 90
2.645366 1
0.106881 1
0.207100 1
0.261291 1
0.471446 1
0.251354 1
0.080276 1
0.166652 1
0.317811 4
0.149562 4
0.205919 4
0.238817 1
0.165129 1
0.081104 1
0.393660 1
0.677909 1
0.228607 1
0.316615 1
0.110044 1
0.195078 1
0.130066 1
0.603824 1
0.304157 1
0.191748 11
0.000195 135
1.869663 17
0.438933 4
0.136219 4
0.129282 4
0.150698 4
0.145348 4
0.144301 4
0.144648 4
0.287481 4
0.248310 11
0.000066 98
1.321552 9
0.167438 8
1.065536 40
0.729445 11
0.025485 98
1.027993 1
0.109085 1
0.601088 1
0.334723 1
1.081619 4
1.437024 1
0.634319 4
0.471999 1
0.228111 1
0.185470 1
0.192377 1
0.324520 4
0.120483 4
0.072347 1
0.121005 1
0.105049 1
0.160727 1
0.094792 1
0.136043 1
0.245144 1
0.350430 1
0.195765 68
0.000310 90
2.084969 1
0.020160 13
0.294459 4
0.208258 11
0.000359 56
0.000105 90
1.866780 12
0.335640 1
0.170914 1
0.155283 1
0.146343 1
0.151690 1
0.141944 1
0.160052 1
0.148899 1
0.347973 21
0.398708 3
0.160477 3
0.155014 3
0.161264 3
0.164466 3
0.144477 3
0.158215 3
0.163517 3
0.309291 1
0.494065 11
0.000271 116
1.994015 12
0.171352 18
0.203916 1
0.230851 36
0.232711 37
0.407546 8
0.365959 40
0.219556 30
0.300716 8
0.269807 21
0.245099 34
0.409531 64
0.506697 28
0.194429 45
0.341109 126
0.710071 4
0.502781 4
0.027686 4
0.031078 4
0.029704 4
0.030094 1
0.030708 1
0.027691 1
0.032366 1
0.028909 1
0.031348 1
0.029079 1
0.029948 1
0.029429 1
0.030313 1
0.028902 1
2.436896 1
0.218546 1
0.178876 1
0.145037 1
0.180912 1
0.315156 1
0.093410 1
0.343371 1
0.164790 1
0.184368 1
0.205914 1
0.625607 4
0.206732 1
4.213801 1
0.635644 1
0.290131 1
0.123901 1
0.278749 1
0.289098 1
0.195449 1
0.173008 1
0.517450 1
0.180416 1
0.269290 1
0.310849 4
0.205437 1
0.054736 1
0.143788 1
0.135429 1
0.565756 11
0.029409 116
1.939497 1
0.444042 4
11.993230 1
0.087698 1
0.150347 1
1.352333 1
0.290667 1
0.174541 1
0.243334 1
0.191705 1
0.189972 1
0.357903 1
0.386576 1
0.196908 11
0.007516 10
1.978288 2
0.132096 94
1.425047 1
0.472856 1
0.086958 1
0.121626 1
0.381318 1
0.225792 1
0.164460 1
0.170508 1
0.720375 1
0.134531 1
0.151363 1
0.113735 1
0.149823 1
0.116150 1
0.219441 11
0.003603 127
0.000255 255
0.000843 94
27.939229 1
0.064156 1
0.387976 1
0.295285 1
0.108916 1
0.126162 1
0.234836 11
0.004913 10
0.000322 678
0.000606 94
122.691041 1
0.090360 1
0.470636 1
0.638521 1
0.433618 1
0.200019 1
0.394660 4
0.058532 1
0.511808 1
0.150536 1
0.240257 1
0.089374 1
0.252430 4
0.145868 4
0.208283 1
0.113989 1
0.200829 1
0.219970 1
0.470503 1
0.224513 11
0.000329 114
1.751968 1
0.211378 1
0.158224 1
0.486081 1
0.084018 1
0.422168 1
0.416924 1
0.153330 1
0.485236 1
0.215937 1
0.095237 1
0.175115 1
0.406498 1
0.290819 1
0.320788 1
0.324282 1
0.200769 1
0.219596 11
0.004010 114
10.114059 1
0.090457 1
0.145206 1
0.299510 1
0.194750 1
0.112623 1
0.101983 1
0.180243 1
0.390844 4
0.140698 4
0.060158 1
0.170491 1
0.085346 1
0.097561 1
0.789867 1
0.192693 1
0.497084 4
0.179806 4
0.513843 1
0.209673 11
0.007664 10
2.388297 2
0.140008 140
1.379688 1
0.066129 1
0.169304 11
0.004525 50
0.000781 140
3.734890 1
0.119251 1
0.164873 1
0.187686 1
0.228771 1
0.090453 1
0.573544 1
0.528011 4
0.049082 1
0.181501 1
0.159258 1
0.123849 1
0.506812 1
0.577104 11
0.007958 10
4.315247 2
0.096632 131
3.648317 2
0.094663 14
2.254024 23
1.772461 2
0.185456 140
3.503279 1
0.092915 1
0.129000 11
0.003467 13
0.000724 140
371.448967 1
0.143555 1
0.082644 1
0.121644 1
0.359309 4
0.159617 4
0.154159 4
0.146736 4
0.110772 1
0.138499 1
0.098778 1
0.140148 1
0.423365 4
0.117913 4
0.198543 1
0.070580 1
0.121032 1
4.065155 1
0.451612 1
0.143243 1
0.070101 1
0.059542 1
0.813015 4
0.151031 4
0.114390 1
0.310153 1
0.497050 1
0.111675 1
0.181892 1
1.524260 1
0.634793 1
0.304605 1
0.159984 1
0.301349 4
0.043727 1
0.138506 1
0.192801 1
0.874431 1
0.992912 1
0.119052 1
0.136760 1
0.166862 1
0.133262 1
0.224230 11
0.024767 17
0.005776 20
0.007953 16
0.002097 18
0.016021 140
249.783470 1
0.094478 1
0.370939 1
0.129692 1
0.162462 1
1.483430 1
0.159468 1
0.676095 10
0.431062 11
0.013673 75
0.000381 95
0.000780 112
0.000216 368
0.806830 52
0.185350 19
0.192011 19
1.174501 6
0.000368 45
0.011331 85
0.439099 72
0.001204 140
2.045381 1
0.229614 1
0.230698 1
0.266904 1
0.174470 1
0.477286 11
0.453877 11
0.003083 5
0.000591 140
852.748771 1
0.069989 1
0.117841 1
0.367305 1
0.144452 1
0.123494 1
0.256984 11
0.006858 208
0.001043 140
6.002137 1
0.278894 1
0.450371 4
0.097298 1
0.153835 1
0.069661 1
0.330223 1
1.832041 1
0.075167 1
0.477846 10
0.352966 11
0.004570 132
0.000495 255
0.000949 140
105.116345 1
0.123373 1
0.132754 1
0.325336 1
0.175119 1
0.250065 4
0.077601 1
0.146851 1
0.171525 1
0.183802 1
0.616581 1
0.079954 1
0.360104 1
0.161131 11
0.009135 10
2.770226 2
0.137388 114
33.039872 1
0.089165 1
0.221516 1
0.123513 1
0.155594 1
0.676663 1
0.189126 1
0.206269 1
0.285320 1
0.375629 1
0.455533 1
0.093159 1
0.321797 11
0.011165 75
0.001049 56
0.001196 480
8.466617 6
0.000573 8
0.001450 28
0.001402 333
1.650388 6
0.000431 37
0.003253 87
1.222050 20
0.000487 52
0.001772 114
6.986971 1
0.127469 1
0.866977 1
0.181879 1
0.116085 1
0.385449 1
0.625142 1
0.344420 1
0.246517 1
0.565744 1
0.161331 1
0.278797 1
0.540714 1
0.440337 1
0.160169 1
0.120580 1
0.226674 11
0.000197 114
1.112769 1
0.109537 1
0.502541 1
0.225395 1
0.119015 1
0.126752 1
0.208185 11
0.005066 279
0.000706 114
11.325017 1
0.165192 1
0.371152 1
0.143377 1
0.160609 1
0.687995 1
0.141762 1
0.135053 1
0.433467 4
0.104151 1
0.161049 1
0.445439 1
0.240533 1
0.254372 1
0.354346 1
0.918120 4
0.159356 4
0.055845 1
0.208700 1
0.316694 1
0.349384 1
0.301193 4
0.072691 1
0.126135 1
0.196360 11
0.003669 114
1.864720 1
0.120105 1
0.496230 1
0.139393 1
0.127906 1
0.155768 1
0.234577 11
0.004529 267
0.000729 114
5.868999 1
0.123166 1
0.560250 1
0.344349 4
0.228563 1
0.184403 1
0.078521 1
0.500302 1
1.052571 1
0.199581 1
0.187108 1
0.292383 1
1.553410 1
0.222887 1
0.448771 1
0.216958 1
0.192294 1
0.298975 1
0.322272 4
0.166107 1
0.079144 1
0.172529 11
0.003556 114
1.458290 1
0.070304 1
0.150484 11
0.004348 38
0.000942 114
0.851020 1
0.117992 1
0.341821 1
0.114020 1
0.116601 1
1.245238 11
0.404891 26
0.018037 114
0.660204 1
0.061079 1
0.224822 1
0.467230 1
0.186148 1
0.117550 1
0.409248 11
0.004490 10
0.000174 269
0.000610 114
11.059512 1
0.083178 1
0.793028 1
2.801944 1
0.196001 1
0.174762 1
0.233665 1
0.180885 1
0.077259 1
0.207847 11
0.009072 10
2.239820 2
0.141720 124
0.344032 1
0.175357 1
0.220960 1
0.096893 1
0.336103 1
0.233593 1
0.338344 1
0.136635 1
0.127367 1
0.332489 1
0.180008 1
0.214255 1
0.195969 1
0.166464 1
0.139438 1
0.421676 1
8.628397 4
0.501189 11
0.015095 28
6.536221 2
0.308898 22
0.108499 174
0.169655 96
0.303163 265
0.156109 56
0.121251 187
0.004341 208
0.523567 78
0.441996 113
0.072618 69
0.068581 34
0.133029 34
0.001432 166
0.213167 90
0.073680 187
0.050722 98
0.000904 87
0.011883 232
0.142506 199
0.132100 233
0.123511 141
0.000412 96
0.001804 276
0.000233 373
0.000439 163
0.022417 188
0.000721 112
0.000262 77
0.000552 113
0.523253 45
0.257774 311
0.033398 125
0.000598 207
0.246550 332
0.023257 119
0.000131 85
0.012278 753
0.000653 519
0.000296 240
0.000712 382
0.000487 378
0.000280 120
0.046183 59
0.000222 37
0.273129 96
0.130310 104
0.000619 59
0.000031 45
0.000839 59
0.000267 45
0.012374 106
0.004876 61
0.000057 46
0.000493 61
0.000396 46
0.000591 112
2.860860 29
0.016237 29
0.005610 29
0.000887 29
0.012545 29
0.056093 29
0.000500 29
0.011083 29
0.000568 29
0.680658 30
0.164573 30
0.001519 30
0.154805 30
0.000604 30
0.007028 30
0.000681 30
0.001139 30
0.000673 30
0.019347 30
0.000700 30
0.004398 60
0.107673 30
0.001281 30
0.035118 60
0.095678 30
0.001443 30
0.017930 30
0.000757 30
0.131504 30
0.032264 30
0.000733 30
0.059940 30
0.000776 30
0.002030 30
0.000692 30
0.001585 30
0.000612 30
0.003285 30
0.001041 30
0.000441 30
0.000799 30
0.002276 30
0.000646 30
0.000451 30
0.000873 60
0.000386 30
0.001175 30
0.000594 30
0.043066 30
0.000920 30
0.029702 30
0.000478 30
0.038556 30
0.000607 30
0.013342 30
0.000420 30
0.076999 30
0.000254 30
0.052078 30
0.000835 30
0.001084 30
0.000572 30
0.195094 30
0.000375 30
0.214587 33
0.054226 64
0.000823 32
0.071178 66
0.252131 70
0.000790 33
0.000935 37
0.033712 71
0.030851 124
23.047841 1
0.070396 1
0.117966 1
0.090923 1
1.252795 4
0.171714 4
0.154370 4
0.166014 4
0.595053 1
0.103535 1
0.136002 11
0.004118 61
0.000768 124
5.163412 1
0.084784 1
0.097094 1
0.092363 1
0.168033 1
0.366963 1
0.159740 1
0.175419 1
0.374649 1
0.227678 1
0.126652 1
0.146364 1
0.351076 1
0.521216 1
0.160302 1
0.333856 1
0.248009 1
0.174611 1
0.142888 1
0.163143 1
0.136911 1
0.155820 1
0.181953 1
0.260557 1
8.405282 11
0.098980 29
0.218493 64
0.039905 64
0.068731 66
0.260163 70
0.000797 33
0.000724 37
0.471513 47
0.002321 7
0.016787 65
0.005325 103
0.014081 13
0.523476 53
0.410826 240
0.473877 98
0.664295 69
0.009844 285
0.025257 26
0.021654 26
0.024335 26
0.019895 26
0.019987 26
0.020515 26
0.022488 26
0.021868 26
0.025906 100
0.001927 59
0.005921 37
0.103076 38
0.017765 53
1.926347 124
7.895877 1
0.115066 1
0.077187 1
0.127094 1
0.195628 1
0.449019 1
0.306433 1
0.190266 1
1.532019 1
0.220471 1
0.335564 1
0.078510 1
0.171630 1
0.425358 1
0.286882 1
0.215619 1
0.464371 1
0.423862 1
0.299945 1
0.191394 1
0.163529 1
0.381984 1
0.260107 1
0.294763 4
0.068828 1
0.137221 1
0.119449 1
1.697427 1
0.637646 1
0.554670 1
0.150754 1
1.077649 1
0.793240 1
0.266526 1
0.190727 1
0.247350 1
0.223318 1
0.834807 1
0.223635 1
0.075005 1
0.210119 2
0.000394 9
0.035047 45
0.003522 124
8.835161 1
0.107803 1
0.156031 1
0.256922 1
0.239745 1
0.166747 1
0.268046 1
0.516207 4
0.115158 1
0.166625 1
0.086872 1
0.114941 1
0.407717 1
0.625524 11
0.018299 10
2.398508 2
0.170574 150
1.037544 1
0.114793 1
0.299309 4
0.141085 4
0.087778 1
0.115226 1
0.193399 1
1.382664 1
0.262706 1
0.346515 1
0.185604 1
0.188980 1
0.291461 1
0.589998 4
0.374535 1
0.201143 1
0.108649 1
0.489404 1
0.176528 1
0.102967 1
0.193183 11
0.000263 114
2.133846 14
0.185098 1
0.343918 1
0.226986 1
0.244152 1
0.310921 4
0.146919 4
0.143353 4
0.185328 4
0.156122 4
0.159203 4
0.176152 4
0.158933 4
0.159802 4
0.163529 4
0.153327 4
0.155057 4
0.154544 4
0.170671 4
0.165728 1
0.335613 1
0.072011 1
0.125980 1
0.096309 1
0.271725 1
0.324736 1
0.154806 1
0.325228 1
0.562759 4
0.090053 1
0.444762 4
0.099910 1
0.582787 4
0.089653 1
0.509003 1
0.045310 1
0.127908 1
0.385998 4
0.160288 4
0.159285 4
0.183060 1
0.139611 1
0.343725 1
0.064128 1
0.668370 1
0.320809 1
0.209724 1
0.175337 1
0.763656 1
0.446164 1
0.251510 1
0.088601 1
0.200687 1
0.332940 4
0.163067 4
0.064191 1
0.166020 1
0.334813 1
0.172626 1
0.184043 1
1.085045 1
0.411390 1
0.536833 1
0.550509 1
0.183677 1
0.355603 1
0.836151 4
0.178668 4
0.166029 4
0.166537 4
0.664558 1
0.305565 1
0.130367 1
0.085112 1
0.509424 1
0.922238 1
0.213990 1
0.536392 1
0.236226 1
0.405287 1
0.209691 1
0.444467 1
0.712382 4
0.306012 1
0.233632 11
0.013092 30
3.417878 2
0.101324 38
0.001864 114
14.507463 1
0.181195 1
0.201625 1
1.279358 1
0.197619 1
0.227621 1
0.285535 1
0.281645 1
0.444100 1
0.244868 1
0.206643 1
1.574690 1
0.405338 1
0.254128 1
0.255831 1
0.203626 1
0.186271 1
0.110622 1
0.339375 4
0.134942 4
0.387959 4
0.238923 1
0.044035 1
0.174757 1
0.071745 1
0.140284 1
0.445572 1
0.578937 1
0.393505 1
0.257979 4
0.231324 1
0.133297 1
0.235981 1
0.201123 1
0.665643 1
0.190054 1
0.280786 1
0.219002 1
0.297868 1
0.272773 1
0.498076 1
0.217111 11
0.004028 114
3.894175 1
0.257296 1
0.138808 1
0.103664 1
0.503253 1
0.370340 1
0.186389 1
0.220233 1
0.240640 1
0.184297 1
0.264684 1
0.070818 1
0.195639 11
0.013350 128
0.000289 255
0.000911 114
7.591494 1
0.087158 1
0.228263 1
0.136351 1
0.115316 1
0.120757 1
0.238846 11
0.007293 283
0.000837 114
5.264491 1
0.144685 1
0.216544 1
1.249733 1
0.142149 1
0.205514 1
0.309565 4
0.125052 1
0.082948 1
0.251753 1
0.210739 1
0.149149 1
0.207539 1
0.254559 1
0.159840 1
0.220590 1
0.075169 1
0.193955 11
0.002924 36
0.000354 87
0.000710 114
13.984928 1
0.155116 1
0.135273 1
0.183645 1
0.246468 1
0.150111 1
0.324175 1
0.165210 1
0.132977 1
0.091947 1
0.207889 1
0.217493 11
0.007494 10
2.351416 2
0.152069 140
1.221167 1
0.253563 1
0.771006 1
0.150363 1
0.214884 1
0.149824 1
0.242397 1
0.268498 1
0.095064 1
0.302458 4
0.163210 4
0.811592 1
0.099381 1
0.205675 11
0.012656 41
0.000637 140
2.570978 1
0.075034 1
0.153176 11
0.004729 38
0.000502 140
2.388803 1
0.158404 1
1.661423 4
0.194937 4
0.157894 1
0.228513 1
14.609942 1
0.100364 1
0.173427 1
0.166320 1
0.250433 1
0.124327 1
0.115175 1
0.260462 1
0.143762 1
0.167027 1
0.406022 4
0.160237 4
0.128603 4
0.092194 1
0.129285 1
0.078211 1
0.451200 1
0.832696 11
0.008829 10
2.527767 2
0.138432 114
1.258491 1
0.154736 1
0.186820 1
0.486487 1
0.223577 1
0.491391 1
0.154310 1
0.391837 1
0.764417 1
0.220556 1
0.180638 1
0.475467 4
0.328348 1
0.536866 1
0.382756 1
0.329197 1
0.239899 1
0.191231 1
0.108677 1
0.239158 1
0.287285 4
0.139258 4
0.136499 4
0.204782 1
0.003114 1
0.669092 1
0.132504 1
0.111198 1
0.521441 1
0.479819 1
0.642210 1
0.124128 1
0.207298 1
0.152288 1
0.180952 1
0.181313 1
0.190100 1
0.284277 1
0.299865 4
0.402568 1
0.199304 1
0.349891 1
0.149068 1
0.134212 1
0.126307 1
0.304467 11
0.003176 47
0.000687 114
16.874495 1
0.104610 1
0.231474 1
0.159285 1
0.154222 1
0.135517 11
0.000307 94
0.820422 5
0.341489 40
0.594991 11
0.013345 94
3.101149 1
0.143397 1
0.180849 1
0.531165 1
0.173702 1
0.523568 1
0.078176 1
0.362649 1
0.435574 1
0.179285 1
0.205521 1
0.707500 1
1.041732 1
0.111529 1
1.115425 4
0.257436 1
0.104911 1
0.181043 1
0.112239 1
0.180572 11
0.002723 19
0.000134 19
0.000147 101
0.000666 94
10.649963 1
0.140924 1
0.157426 1
0.560229 1
0.220520 1
0.114505 1
0.273630 1
0.372005 1
0.091689 1
0.134463 1
0.433127 1
0.365732 4
0.071588 1
0.165810 11
0.008005 10
2.706964 2
0.130218 120
1.245849 1
0.278599 1
0.720567 1
0.180644 1
0.218503 1
0.215669 1
0.968363 1
0.168115 1
0.105756 1
0.217388 11
0.010001 44
0.000886 120
1.166712 9
0.473793 1
0.283619 1
0.521800 4
0.150847 4
0.140631 4
0.159736 4
0.165983 4
0.155313 4
0.159356 4
0.176488 4
0.154041 4
0.131345 1
0.268474 1
0.086446 1
0.163663 11
0.012678 67
0.000566 120
0.803514 1
0.095587 1
0.254991 1
0.289537 1
0.155280 1
0.204922 1
1.188152 1
0.430701 1
0.075774 1
0.279013 1
0.144398 1
0.105418 1
0.154273 11
0.000071 140
1.076339 12
0.185642 17
0.858950 11
0.653069 11
0.004264 41
0.000987 140
11.730380 1
0.111430 1
0.166596 1
0.336421 1
0.237178 1
0.176564 1
0.105086 1
0.123733 1
0.308671 4
0.147605 4
0.144442 4
0.206553 1
0.082360 1
0.178070 1
0.079350 1
0.127497 1
0.451507 1
0.266011 11
0.007402 10
2.470879 2
0.139769 114
0.661128 1
0.158209 1
0.160570 1
1.728512 1
0.152034 1
0.219210 1
0.140088 1
0.571804 1
0.814294 1
0.307383 1
0.239313 1
0.568953 4
0.142709 4
0.633888 1
0.221681 1
0.911289 1
0.325046 1
0.290920 1
0.112032 1
0.130776 1
0.257536 1
0.434900 4
0.148575 4
0.172081 4
0.097051 1
0.158517 1
0.077250 1
0.146609 1
0.099132 1
0.297707 1
0.294591 4
0.150702 4
0.164807 4
0.274729 1
0.116906 1
0.086834 1
0.162551 1
0.378666 4
0.152096 1
0.767114 1
0.264058 1
0.585609 1
0.168656 1
0.417226 1
0.640709 1
0.177558 1
0.189550 1
0.241327 1
0.731585 1
0.243115 1
0.089230 1
0.208677 11
0.004313 114
13.409610 1
0.103066 1
0.171448 1
0.570599 1
0.566060 1
0.137713 1
0.212883 1
0.199642 1
0.125194 1
0.148398 1
0.432018 1
0.284549 11
0.008413 10
2.278425 2
0.144481 140
1.083228 1
0.499357 1
1.028627 1
0.152659 1
0.394000 1
0.489222 1
0.324686 1
0.650810 1
0.549257 4
0.167541 4
0.165587 4
0.164285 4
0.172524 4
0.153289 1
0.169406 1
0.492028 1
0.096457 1
0.135814 11
0.003689 50
0.000687 140
18.345239 1
0.080688 1
4.574575 1
0.631697 1
0.053424 1
0.311332 4
0.126128 4
0.181135 1
0.108534 1
0.124031 1
0.210744 11
0.004399 50
0.000777 140
138.713530 1
0.108674 1
0.137314 1
0.170512 1
0.194649 1
0.280545 1
0.650605 4
0.221009 1
0.156261 1
0.860431 1
0.127992 1
0.163981 1
0.479579 1
0.215027 11
0.010236 10
2.817235 2
0.154664 114
2.193020 35
0.881767 63
0.003942 114
4.126628 1
0.141631 1
0.164936 1
0.606167 1
0.215904 1
0.238412 1
0.133840 1
0.231691 1
0.095507 1
0.164564 1
0.434548 1
0.802452 11
0.007838 10
2.481052 2
0.139471 140
2.048873 1
0.159763 1
0.173775 1
0.360388 1
0.167606 1
0.218216 1
0.296956 1
0.695093 1
1.098799 1
0.459456 1
0.339703 1
1.106521 4
0.169912 4
0.500769 4
0.029573 4
0.028416 4
0.030599 4
0.030849 4
0.029565 4
0.030568 4
0.028953 4
0.030684 4
0.029257 1
0.029582 1
0.031433 1
0.027865 1
0.030830 1
0.030728 1
0.030166 1
0.030980 1
0.031533 1
0.872314 1
0.141239 1
0.135112 11
0.004764 38
0.000591 140
5.831219 1
0.123615 1
0.495652 1
0.119000 1
0.236749 1
0.344755 1
0.455819 1
0.358650 1
0.047330 1
0.209329 11
0.003822 58
0.014257 61
0.000635 140
44.465032 1
0.121494 1
0.721942 11
0.003834 38
0.000647 140
2.345172 1
0.072305 1
0.149566 1
0.968379 1
0.170439 1
0.265441 4
0.079487 1
0.123729 1
0.148395 1
0.214776 1
0.095736 1
0.134576 1
0.821305 1
0.126060 11
0.007824 10
3.526827 2
0.096786 80
0.000060 51
3.066912 2
0.092118 14
2.414271 23
1.898920 2
0.192726 140
9.334628 1
0.073796 1
0.144298 11
0.003982 38
0.000759 140
2.771121 1
0.124524 1
6.212733 1
0.210765 1
0.180395 1
0.117907 1
0.158405 1
0.327986 1
0.076299 1
0.120664 1
0.860571 1
0.171928 11
0.008084 10
2.743506 2
0.136388 140
2.347503 1
0.063787 1
0.134523 11
0.004064 38
0.000591 140
0.839366 1
0.209015 1
0.290681 1
1.015576 1
0.150783 1
0.099470 1
0.586332 1
0.134062 1
0.141438 1
0.460537 1
0.735328 1
0.232428 1
0.641688 4
0.543641 11
0.012720 5
0.000501 140
1.663687 1
0.301197 1
0.816705 1
0.184202 1
0.230448 1
0.214536 1
0.698849 1
0.156427 1
0.133369 1
0.286386 11
0.001465 36
0.000629 140
30.592618 1
0.135689 1
0.182327 1
1.010085 1
0.164808 1
0.445379 4
0.065345 1
0.134758 1
0.139713 1
0.191614 1
0.093131 1
0.124657 1
1.213519 1
0.209266 11
0.007859 10
3.110182 2
0.094547 131
2.300189 2
0.093202 14
2.414812 23
2.346217 2
0.185931 140
2.268964 1
0.104429 1
0.160434 11
0.004001 50
0.000896 140
3.489751 1
0.492443 1
0.026854 1
0.030478 1
0.028833 1
0.031049 1
0.029875 1
0.030750 1
0.028549 1
0.031836 1
0.030754 1
0.030020 1
0.028968 1
0.031322 1
0.029652 1
0.030678 1
0.028815 1
0.029220 1
0.032859 1
0.028594 1
0.029790 1
0.032761 1
0.024934 1
0.031894 1
0.030001 1
0.030152 1
0.029623 1
0.030091 1
15.309289 4
0.505657 4
0.026706 4
0.027615 4
0.030095 4
0.030391 4
0.029400 4
0.030267 4
0.030822 4
0.031175 4
0.032007 4
0.029057 4
0.030444 4
0.029690 4
0.027071 4
0.030485 4
0.029404 4
0.030177 4
0.030252 4
0.030035 4
0.031971 4
0.030537 4
0.032218 4
0.027885 4
0.029363 4
0.030582 4
0.029948 4
0.029022 4
0.028556 1
0.029992 1
0.030963 1
0.029391 1
0.031421 1
0.030094 1
0.030864 1
0.030175 1
0.028447 1
0.029937 1
0.030299 1
0.028954 1
0.031409 1
0.029427 1
0.030516 1
0.029850 1
0.029706 1
0.031380 1
0.029010 1
0.030174 1
3.810755 1
0.170517 1
1.086726 4
0.180269 4
0.175516 1
243.648202 1
0.258867 1
0.125516 1
0.156249 1
4.499693 11
0.000416 6
0.015250 140
13.156223 1
0.053947 1
0.311213 1
0.524223 4
0.149865 4
0.156182 4
0.483008 1
0.090416 1
0.162506 1
0.220432 1
0.160161 1
0.124627 1
0.059665 1
0.080995 1
0.076628 1
0.189560 11
0.009784 10
1.059369 2
0.159060 124
16.403135 42
1.689996 99
0.290926 1
1.137379 3
0.501186 3
0.027778 3
0.030417 3
0.029794 3
0.031098 3
0.029158 3
0.029331 3
0.030232 3
0.032060 3
0.028873 3
0.028760 3
0.031751 3
0.028883 3
0.030875 3
0.030171 3
0.029523 3
0.038064 3
0.020711 3
0.031784 3
0.031056 3
0.030879 3
0.027864 3
0.029991 3
0.029301 3
0.029787 3
0.029808 3
0.029355 3
0.030934 3
0.030171 3
0.030941 3
0.029950 3
0.030002 3
0.030194 1
0.028498 1
0.030797 1
0.030979 1
0.028433 1
0.275779 4
0.500086 4
0.032120 4
0.028891 4
0.029361 4
0.030711 4
0.028823 4
0.031586 4
0.028849 4
0.031153 4
0.029701 4
0.030811 4
0.030814 4
0.029372 4
0.029767 4
0.029451 4
0.030086 4
0.030571 4
0.028849 4
0.031071 4
0.030292 4
0.028492 4
0.030953 4
0.028744 4
0.030878 4
0.031224 4
0.029881 4
0.030026 4
0.031180 4
0.028414 4
0.029627 4
0.030361 4
0.030517 4
0.029585 1
0.029915 1
0.029272 1
0.030600 1
0.029442 1
0.031241 1
0.029138 1
0.029499 1
0.045911 1
0.079777 1
0.251314 1
1.041184 1
0.215546 1
0.199493 1
0.180493 1
0.260316 4
0.154778 4
0.151733 4
1.953067 4
0.669989 1
0.145505 1
0.236402 11
0.000368 102
0.793933 1
0.131519 1
0.500212 4
0.138696 4
0.212369 1
0.076423 1
0.148499 11
0.359800 23
0.016553 102
0.809259 1
0.097828 1
0.061934 11
0.002353 37
0.000577 102
0.634840 1
0.111945 1
0.567489 4
0.150572 4
0.454119 1
0.286850 1
0.097967 1
0.176113 11
0.014804 92
0.000709 102
0.941072 1
0.109316 1
0.631332 1
3.716501 1
0.180821 1
0.300312 1
0.449152 1
0.906272 1
0.826606 1
0.249904 1
0.890850 1
0.279786 1
0.547589 1
0.278174 11
0.000080 124
0.707888 1
0.049224 1
0.165371 11
0.004263 61
0.000706 124
11.579494 1
0.084563 1
0.225328 1
0.149591 1
0.150388 1
0.185930 113
0.540365 1
0.060325 1
0.530960 1
0.140356 1
0.223338 1
0.204106 1
0.318042 4
0.083210 1
0.149328 1
0.569518 1
0.169500 1
0.133211 11
0.000545 116
2.760690 2
0.886321 5
1.232420 42
1.519700 77
0.013284 1943
0.000435 116
28.006583 42
2.302772 77
0.013249 1720
0.000380 116
3.508613 1
0.280693 1
0.470604 4
0.239369 1
0.079893 1
0.105306 1
0.391798 4
0.145198 4
0.160246 4
0.166768 4
0.433090 1
0.060244 1
0.205704 1
0.946524 1
0.150307 1
3.508711 11
0.000183 102
2.896438 1
0.103845 1
0.109734 1
0.093363 1
0.115889 1
0.136924 1
0.164363 1
0.267868 4
0.146117 4
0.095111 1
0.162994 1
0.443077 4
0.597183 1
0.606574 1
0.266263 4
0.149031 4
0.044098 1
0.184818 1
0.101906 1
0.114851 1
0.355159 11
0.046579 16
0.000709 765
0.001042 102
8.450623 1
0.050329 1
0.171672 1
0.164218 1
0.540407 4
0.161169 4
0.057214 1
0.177955 1
0.128742 1
0.160667 1
0.210301 1
0.215251 1
0.115504 1
0.195300 11
0.053262 102
0.602813 1
0.072819 1
0.123011 1
0.110415 1
0.209347 1
0.113938 1
0.180786 1
0.146133 1
0.180513 1
0.128738 1
0.180608 1
0.143765 1
0.217521 1
0.133545 1
0.262584 1
0.171810 1
0.337337 1
0.371118 3
0.245865 3
0.184889 3
0.416684 3
0.584163 3
0.158486 3
0.734270 3
1.490566 7
0.544972 3
0.255744 3
0.117891 3
0.086671 3
0.412534 3
0.470610 3
0.814648 3
0.260321 3
0.088790 3
0.763543 3
0.069243 3
0.571001 3
0.288463 3
0.782196 5
0.883501 16
0.051111 42
0.020273 380
0.001423 102
0.841487 1
0.103364 1
0.115159 1
0.099473 1
0.277287 1
0.230982 1
0.001763 1
0.418526 4
0.205824 4
0.252702 1
0.114973 1
0.099199 1
0.199692 1
0.162350 1
0.046324 1
0.144999 1
0.114210 1
0.056951 1
0.185206 1
0.109813 1
0.165319 1
0.114939 1
0.082485 1
0.122221 1
0.229366 11
0.742493 122
0.000282 120
0.000236 184
0.000122 124
0.000306 31
0.000589 93
0.000352 62
0.000088 112
0.000519 66
0.008467 33
0.003578 33
0.001865 66
0.002845 33
0.005547 33
0.000219 101
0.000134 34
0.000417 34
0.000253 68
0.001155 42
0.000301 58
0.000166 29
0.003803 29
0.001423 58
0.014083 29
0.005362 89
0.005220 90
0.000258 60
0.000062 117
0.723057 234
0.001542 90
0.015393 102
45.503305 1
0.106369 1
0.149231 11
0.004009 92
0.000750 102
41.327850 31
0.600704 55
0.024635 102
8.067768 33
0.554218 59
0.008182 102
13.659839 33
0.583094 59
0.000081 102
15.242658 1
0.079353 1
0.455352 11
0.003875 92
0.000673 102
42.227346 1
0.386890 1
0.329797 1
0.521877 4
0.175579 4
0.128252 4
1.108940 17
0.004504 140
