0.016879 108
0.040178 116
30.505270 1
0.184453 1
0.101808 1
0.376044 4
0.157498 4
0.162087 4
0.203614 1
0.315052 1
0.349953 4
0.380403 1
0.189948 1
0.227105 1
0.446591 4
0.134991 4
0.226932 1
0.111102 1
0.249199 1
0.523821 1
0.360241 1
0.414132 1
0.223092 1
0.195767 1
0.207665 1
0.198337 1
0.423743 1
0.528701 1
0.280917 11
0.004112 116
1.444659 1
0.108877 1
0.186893 11
0.005520 47
0.000865 116
27.339207 54
0.761261 174
0.016402 400
1.009024 77
1.008367 34
0.992618 34
0.960534 33
0.976893 36
0.980109 46
0.783881 46
0.001103 116
3.384608 1
0.266293 1
0.173207 1
0.194481 1
0.263767 11
0.000067 6
