0.033517 124
16.120472 2
0.474252 26
0.506270 22
0.581670 27
0.720105 22
1.088771 25
0.192861 24
0.372635 18
0.404460 29
0.225541 5
0.275801 1
0.293208 1
0.606443 1
0.139298 1
0.576366 1
0.420154 1
0.867511 4
0.304994 1
0.396345 4
0.318469 1
0.446477 1
0.476940 4
0.390801 1
0.542606 1
0.591131 1
0.245065 1
0.237883 1
0.182947 1
0.355883 1
0.503884 1
0.258567 1
0.158836 1
0.114074 1
0.347250 1
0.516740 1
0.127718 11
0.000200 116
1.675560 1
0.093672 1
0.645813 1
0.316127 1
0.274749 1
0.480390 1
0.172253 1
0.179310 1
0.228555 1
0.393665 1
0.157216 1
0.342750 1
0.234717 1
0.149277 1
0.114517 1
1.021581 1
0.141215 1
0.334587 1
0.416176 1
0.134117 1
0.237983 1
0.561873 1
0.177559 1
0.115390 1
0.113230 1
0.257414 1
0.107617 1
0.142432 1
0.190247 1
0.233922 11
0.000355 140
1.808371 1
0.156996 1
0.199886 1
0.334705 1
0.308110 4
0.115796 4
0.071355 1
0.296662 1
0.179386 1
0.113463 1
0.551806 1
0.152196 1
0.109436 1
0.165611 1
0.178930 1
0.179439 1
0.230974 1
0.007911 1
0.518549 1
0.340509 1
0.118749 1
0.626514 11
1.058895 183
0.011395 67
0.016446 140
6.869498 1
0.102576 1
0.093842 11
0.004133 78
0.000766 140
11.179021 1
0.159350 1
0.071987 1
0.515336 1
0.952565 4
0.117070 1
0.160555 1
0.134286 1
0.755984 1
0.400744 1
0.137032 1
0.195158 1
0.639952 1
0.069074 1
0.152306 1
0.743765 4
5.548086 1
0.214192 1
0.117224 1
0.281432 1
0.423639 1
0.185246 1
0.048084 1
0.228428 1
0.425660 1
0.173501 1
0.128987 1
0.085935 1
0.131969 1
0.138322 1
0.122186 1
0.205424 11
0.010421 9
0.001396 140
3.326167 1
0.134770 1
0.114055 1
0.099980 1
0.117752 1
0.122578 1
0.503023 1
0.220849 1
0.170687 1
0.173857 1
0.264811 1
0.475522 1
0.125274 1
0.130968 1
0.591832 1
0.123958 1
0.236490 1
0.134232 1
0.094095 1
0.148410 1
0.087018 1
0.431953 1
0.221244 1
0.175229 1
0.250853 1
0.267650 1
0.211812 1
0.646031 1
0.324896 1
0.129437 1
0.816478 1
0.171188 1
0.147327 1
0.638244 1
0.199691 1
0.240634 1
0.224976 1
2.263310 1
0.089010 1
0.180905 1
0.225515 1
0.759972 1
0.731065 1
0.147619 1
3.408349 4
0.501457 4
0.028955 4
0.030132 4
0.029190 4
0.029254 4
0.031244 4
0.029515 4
0.030511 4
0.029358 4
0.030861 4
0.030120 4
0.031348 4
0.029865 4
0.028502 4
0.031022 4
0.028606 4
0.029764 4
0.031913 4
0.028386 4
0.028993 4
0.030942 4
0.029876 4
0.031818 4
0.029785 4
0.029686 4
0.030243 4
0.029482 4
0.030088 4
0.031475 4
0.029671 4
0.029553 4
0.029141 4
0.029662 4
0.033219 4
0.028896 4
0.029561 4
0.028743 4
0.031091 4
0.030633 4
0.028849 4
0.031109 4
0.029804 4
0.028729 4
0.032512 1
0.028155 1
0.028968 1
0.030201 1
0.030119 1
0.100410 1
0.575145 1
0.171759 1
0.213669 4
0.131402 4
0.215325 1
0.074815 1
0.110208 1
0.113927 1
0.129646 1
0.167054 1
0.246155 1
0.108383 1
0.141230 11
0.365557 72
0.010388 140
54.475637 1
0.138436 1
0.135065 1
0.150596 1
0.099970 1
0.141247 1
0.199050 1
0.155516 1
0.082648 1
0.554715 1
0.149497 1
0.094907 1
0.118969 11
0.411598 113
0.006148 140
0.984994 12
0.396712 4
0.300220 1
0.160281 11
0.417098 151
0.000035 74
0.000024 31
0.000044 104
0.000040 2
0.006751 140
23.387460 66
0.902290 222
0.346018 45
2.577157 36
1.954176 119
0.000060 71
0.000029 47
0.000088 47
0.000037 8
0.000059 37
0.000129 47
0.479085 48
0.399478 46
0.000572 69
0.000082 87
0.000444 46
0.098291 110
0.100983 106
0.000065 4
0.099629 165
0.000058 101
0.099654 23
0.000227 197
0.100143 118
0.000037 102
0.100537 220
0.099576 220
0.100273 110
0.000731 46
0.000665 46
0.004290 42
0.093924 110
0.004360 42
0.096146 110
0.004670 42
0.096627 48
0.000075 221
0.004534 42
0.094573 221
0.100955 120
0.000080 101
0.099618 221
0.098971 112
0.000876 46
0.006697 42
0.093137 112
0.004519 42
0.095639 112
0.004621 42
0.096010 112
0.003666 42
0.001732 42
0.094169 112
0.001995 42
0.000878 42
0.000967 42
0.000837 42
0.096015 112
0.000983 9
0.000029 33
0.099745 112
0.099904 112
0.099933 112
0.100141 112
0.100744 112
0.100562 24
0.000089 88
0.099792 112
0.100681 112
0.100798 48
0.000706 44
0.099850 44
0.099812 44
0.100746 44
0.099703 44
0.100475 44
0.099906 44
0.100905 44
0.086325 125
0.000065 49
0.249292 66
0.462908 140
1.284875 1
0.106414 1
0.375981 1
0.333636 1
0.110559 1
0.110856 1
0.326637 1
0.167919 1
0.081558 1
0.218488 2
0.000056 9
0.403065 53
0.000063 112
0.000023 97
0.000166 17
0.006197 140
62.644419 11
0.000043 19
0.000326 140
48.369934 33
0.610289 59
0.808265 14
0.006280 140
3.422312 31
0.630671 55
0.376192 14
0.006100 140
2.692454 22
0.174569 62
0.495625 22
0.606052 11
0.377030 72
0.006277 140
1.548544 1
0.820566 4
0.069489 1
0.182623 1
0.298263 1
0.502281 4
0.143352 4
0.156415 4
0.059145 1
0.086837 1
0.226433 1
0.348436 1
1.254652 4
0.297886 1
0.351943 4
0.300514 1
0.163036 1
0.364801 1
0.321380 1
0.242354 1
0.453639 1
0.295791 1
0.151356 1
0.410382 1
0.254908 1
0.150862 1
0.094871 1
0.551838 4
0.227887 1
0.204473 1
0.455605 1
0.201951 11
0.000216 116
1.486707 17
0.244685 30
0.285581 17
0.535205 62
0.328080 22
0.322860 52
1.238117 11
0.444957 66
0.343215 116
24.909977 1
0.113164 1
0.236767 1
0.129513 1
0.060682 1
0.125031 1
0.185361 1
0.204276 1
0.084665 1
0.140444 2
0.000061 9
0.401496 53
0.000700 141
0.000084 89
0.005826 116
1.235191 1
0.094453 1
0.106397 11
0.003676 37
0.000626 116
74.689126 1
0.498177 1
0.030420 1
0.028985 1
0.030731 1
0.029972 1
0.031484 1
0.029129 1
0.028746 1
0.030236 1
0.029572 1
0.032048 1
0.029270 1
0.028965 1
0.029930 1
0.029984 1
0.030461 1
0.030065 1
0.030174 1
0.029267 1
0.030258 1
0.031609 1
0.506025 1
2.211004 1
0.096247 1
0.165189 1
0.189823 1
0.212941 1
0.132731 1
0.154663 11
0.019468 57
0.000646 245
0.000051 171
0.000022 87
0.000051 162
0.000024 371
0.000120 594
0.000068 857
0.000070 600
0.000035 225
0.000082 600
0.000049 75
0.000099 285
0.001575 116
33.317234 1
0.200313 1
0.216435 1
0.190562 1
0.155003 1
0.644061 1
0.322558 1
0.410461 1
0.220134 1
0.265688 2
0.000074 9
0.024998 1018
0.000050 1111
0.000118 980
0.000035 636
0.000061 472
0.000027 302
0.000046 500
0.000041 150
0.000051 660
0.000110 412
0.000146 386
0.000053 64
0.001118 116
19.976160 1
0.102187 1
0.461851 1
0.405870 1
0.148273 1
0.167561 1
0.244227 1
0.335985 11
0.015596 76
0.000747 377
0.000066 304
0.000044 309
0.000082 983
0.000040 259
0.000032 196
0.000054 274
0.000063 940
0.000108 630
0.000046 540
0.000049 240
0.001610 116
27.074252 34
1.419080 51
0.501231 1
0.029248 1
0.030282 1
0.030633 1
0.031058 1
0.029498 1
0.029667 1
0.028838 1
0.031816 1
0.028119 1
0.029970 1
0.030046 1
0.030156 1
0.032658 1
0.028175 1
0.160501 1
0.204556 1
0.381811 5
0.564788 5
1.082679 5
0.874350 3
0.502988 3
0.028009 3
0.029103 3
0.030725 3
0.030467 3
0.029798 3
0.030880 3
0.029379 3
0.029530 3
0.030019 3
0.031427 3
0.028201 3
0.030391 3
0.030931 3
0.030917 3
0.029525 3
0.029662 3
0.030380 1
0.029678 1
0.029118 1
0.226599 11
0.042396 1706
0.000936 116
744.664132 54
0.638151 165
0.000070 9
0.000126 10
1.952768 11
0.000070 10
21.328486 11
0.000069 19
0.000202 116
0.412359 53
0.729593 173
0.000086 10
120.733487 19
0.000072 2
0.195403 11
0.000034 10
0.506758 11
0.009212 10
0.900864 28
0.000084 2
0.000076 116
50.010712 45
0.888946 81
0.000162 10
6.039192 1
0.339856 1
20.302086 28
0.000054 2
0.000182 116
2.095925 10
1.066349 4
0.458460 10
0.600161 12
0.787314 4
0.171146 4
4.859188 48
0.799670 164
0.000077 19
260.427762 11
0.000069 19
0.000133 116
0.725571 1
0.615699 4
0.095676 1
0.104287 1
0.140281 1
0.092432 1
0.092707 1
0.100796 1
0.144213 1
0.285150 1
0.085701 1
0.134903 11
0.586037 284
0.006647 116
0.000061 1
0.064016 1
0.289057 1
0.075419 1
0.210661 1
0.114876 1
0.180506 1
0.720990 1
0.221080 1
0.339256 1
0.205864 1
0.242024 1
14.347028 2
1.223234 5
2.310909 1
0.471675 1
1.290203 1
0.142231 1
1.136123 1
0.453321 1
1.533603 1
0.470346 1
2.141875 1
0.481689 1
1.070736 1
0.140700 1
0.876045 1
0.225116 1
0.072140 1
0.617587 1
0.672373 1
0.276456 1
0.123775 1
0.210477 11
0.574453 30
0.001961 798
0.014117 116
15.360524 1
0.148495 1
0.271074 1
0.795824 1
0.316214 1
0.280392 1
36.131444 11
0.026166 76
0.000915 1436
0.000035 424
0.000062 822
0.000125 244
0.000162 1170
0.000040 676
0.000032 105
0.000104 172
0.002060 116
309.373969 1
0.101156 1
0.189771 1
0.174624 1
0.181979 1
0.279646 1
0.193640 1
0.231390 1
0.422097 1
1.374980 1
0.197785 1
0.151728 1
2.280923 1
1.194779 1
0.356293 1
0.250310 1
0.180160 1
0.189539 1
0.196858 1
0.501208 4
0.133179 4
0.078897 1
0.136127 1
0.229231 1
0.742305 1
0.912901 1
0.323689 1
0.804523 1
6.321895 1
0.187182 1
0.196641 1
0.157660 1
0.793978 1
0.516036 1
0.215248 1
0.212170 1
0.172045 1
1.026596 1
0.979931 2
0.000031 9
0.049973 28
5.527145 2
0.181916 570
0.004403 8
0.000059 108
6.857387 34
0.437937 43
0.608182 37
0.486407 29
0.685200 26
11.449085 11
0.474470 30
0.000429 798
0.009241 116
2.443719 31
0.922589 65
0.464683 43
1.161126 37
0.497175 29
1.469830 11
0.442989 88
0.000046 64
0.000036 42
0.000072 89
0.006409 116
3.120626 9
0.495914 26
0.232240 65
0.208636 43
4.686672 4
0.499878 4
0.029353 4
0.029420 4
0.031350 4
0.030087 4
0.030100 1
0.028306 1
0.029805 1
0.030484 1
0.029596 1
0.030813 1
0.224865 1
0.270481 1
0.277735 1
0.208205 1
0.171415 1
0.229913 1
0.208734 1
0.406245 1
0.360881 1
0.286456 1
0.685199 1
0.325560 1
0.100319 1
0.203544 1
0.055459 1
0.235432 1
0.475854 1
0.405576 1
0.370331 1
0.400690 4
0.089022 1
0.136125 1
0.151228 1
0.229085 1
0.159380 11
0.021228 1313
0.001027 116
9.376534 1
0.073597 1
0.267829 1
0.158964 1
0.128147 1
0.518725 1
0.132371 11
0.013284 76
0.000873 526
0.000064 407
0.000170 853
0.000052 196
0.000069 589
0.000060 895
0.000033 360
0.000127 844
0.000036 207
0.000025 172
0.001515 116
597.444546 1
0.097194 1
0.201683 1
3.300704 4
0.189183 4
0.154820 4
165.565973 44
1.019378 72
0.000061 9
0.031612 1039
0.000067 1033
0.000057 1032
0.000225 168
70.870059 1032
0.000075 1033
0.000243 1314
0.040361 1032
0.000035 1033
0.000205 1421
0.058488 1032
0.000035 1033
0.000024 390
0.000045 642
0.000202 505
0.063635 1032
0.000072 1033
0.000285 1641
0.065136 1032
0.000059 1033
0.000099 1032
0.000094 725
0.082045 1032
0.000062 2065
0.000172 730
0.088042 1032
0.000139 1765
0.000052 300
0.000165 828
0.390143 1032
0.000035 1033
0.000101 1032
0.000190 934
61.855619 2
0.000263 129
11.767436 32
0.844868 57
0.014395 8
0.141262 2377
0.000094 31
301.171136 13
0.000124 2
0.000481 116
0.904340 23
0.097827 1
0.270261 1
0.842821 4
0.500928 4
0.030815 4
0.028939 4
0.029693 4
0.029584 4
0.030780 4
0.030141 4
0.029533 4
0.030289 4
0.029345 4
0.030432 4
0.030912 4
0.029412 4
0.029368 4
0.029819 4
0.029661 4
0.031088 4
0.032361 4
0.027457 4
0.031062 4
0.030074 4
0.030581 4
0.028727 4
0.030181 4
0.029435 1
0.030008 1
0.029745 1
0.236238 1
0.099775 1
0.124380 1
0.416046 1
0.107132 1
0.152747 1
0.285383 1
0.756565 1
0.306181 1
0.113913 1
0.196844 1
0.123629 1
0.186518 1
0.149896 1
0.154674 1
0.145431 1
0.157325 1
0.143154 1
0.085749 1
0.126993 1
0.163800 2
0.000059 9
0.019880 526
0.000132 95
0.001181 116
2.991744 1
0.106880 1
0.175192 1
0.526411 1
0.088523 1
0.477030 4
0.092376 1
0.136442 1
0.355620 1
0.968050 1
0.309106 1
0.111044 1
0.211255 1
0.107605 1
0.144717 1
0.181417 1
0.405745 4
0.126263 4
0.223716 1
0.114884 1
0.637170 1
0.154732 1
0.270600 4
0.084293 1
0.138363 1
0.160236 1
0.447870 1
0.155080 11
0.016811 1696
0.001226 116
225.521983 1
0.254847 1
0.616025 1
0.117643 1
0.156852 1
0.261442 11
0.004928 4
0.000559 116
8.981823 1
0.068768 1
0.362948 1
0.112155 1
0.556957 1
0.238727 11
0.057179 557
0.000092 854
0.000161 593
0.000071 521
0.000169 259
0.000967 116
157.712969 1
0.108635 1
0.141062 1
0.102672 1
0.101127 1
0.120435 1
0.326782 1
0.759414 1
0.136252 1
0.188351 1
0.150001 1
0.382761 1
0.216296 1
0.202287 1
0.161343 1
0.245509 1
0.185190 1
0.365737 1
0.457576 4
0.223777 1
0.254232 1
0.229602 1
0.221019 1
0.166200 1
0.295189 1
2.526965 2
0.000060 9
0.428590 165
0.000053 81
0.000044 83
0.000056 80
0.000034 37
0.000030 46
0.000081 85
0.000043 102
0.000028 85
0.000066 19
0.000035 136
0.000032 39
0.000059 140
0.000071 115
0.000069 32
0.000033 39
0.000028 63
0.000078 139
0.000050 16
0.000044 20
0.000045 25
0.000066 8
0.000041 16
0.000065 78
0.000031 24
0.000036 20
0.000062 17
0.000049 86
0.000048 69
0.000023 8
0.000040 59
0.000025 25
0.000073 122
0.000029 63
0.000024 32
0.000070 111
0.000053 40
0.000025 29
0.000024 24
0.000108 122
0.000158 172
0.000032 48
0.000044 106
0.000065 9
0.000035 40
0.000095 62
0.006082 116
30.249649 113
0.024912 113
0.026131 113
0.030629 113
0.027033 113
0.015704 113
0.011034 113
0.016378 113
0.016808 113
0.016809 113
0.024621 113
0.022197 113
0.017075 113
0.016021 113
0.026721 113
0.031553 113
0.042193 113
0.034615 113
1.312969 113
0.016113 113
0.006822 113
0.012092 113
0.006674 113
0.012582 113
0.010343 113
0.008060 113
0.011854 113
0.010376 113
0.007699 113
0.010270 113
0.016030 113
0.016964 113
0.010573 113
0.020973 113
0.015484 113
0.016354 113
0.017520 113
0.016446 113
0.012524 113
0.016140 113
0.016074 113
0.016516 113
0.011039 113
0.015944 113
0.011536 113
0.020812 113
0.015968 113
0.016857 113
0.011117 113
0.015874 113
0.017493 113
0.012250 113
0.016846 113
0.006471 113
0.020545 113
0.018153 113
0.007915 113
0.012272 113
0.017993 113
0.026239 113
0.022669 113
0.025966 113
0.480647 113
3.503674 113
0.022843 113
0.010606 113
0.007926 113
0.012587 113
0.012381 113
0.012996 113
0.007357 113
0.010912 113
0.016752 113
0.011897 113
0.006785 113
0.030647 113
0.031692 113
0.087458 113
0.032289 113
0.017103 113
0.011597 113
0.017074 113
0.012192 113
0.006905 113
0.012342 113
0.011389 113
0.021557 113
0.510223 113
0.062399 113
76.435494 1
0.113455 1
0.161457 1
0.138923 1
0.234987 1
0.377131 1
0.180731 1
0.170451 1
0.175324 1
0.224010 1
0.210829 1
0.221426 1
0.242782 1
0.182730 1
0.118505 1
0.170314 11
0.016823 28
3.397473 2
0.315954 22
0.114152 205
0.025852 191
0.183234 117
0.007186 195
0.000149 150
0.018457 258
0.000732 140
0.017979 248
0.473759 359
0.023346 218
0.172254 67
0.109285 209
0.500712 78
0.155436 114
0.139709 45
0.189406 70
0.077038 177
0.058937 66
0.133452 207
0.204764 109
0.138600 67
0.143092 219
0.395494 112
0.000187 68
0.264996 126
0.001395 225
0.298059 375
0.000039 153
0.000474 274
0.000560 488
0.084264 177
0.000406 111
0.007745 181
0.000253 109
0.002211 179
0.029009 477
0.034699 477
0.001741 329
0.000131 109
0.000437 469
0.158155 171
0.000330 108
0.041875 177
0.000435 110
0.023791 179
0.000199 108
0.006000 177
0.193955 281
0.000185 191
0.030588 360
0.000061 111
0.024959 496
0.149384 386
0.000358 281
0.000317 165
0.073980 342
0.000857 332
0.021673 104
0.000139 75
0.093605 112
0.000153 70
0.376268 333
0.077470 342
0.006447 122
0.000196 84
0.058620 375
0.003680 362
0.105452 112
0.000160 78
0.000920 115
0.000137 78
0.000626 115
0.000334 78
0.057960 116
0.000071 77
0.003253 115
0.000280 71
0.268330 109
0.000065 77
0.059425 115
0.000070 79
0.047760 369
0.083092 216
0.000088 216
0.007013 216
0.000253 216
0.019493 731
0.000367 515
0.000292 216
0.000250 216
0.001102 508
0.000292 220
0.000078 299
0.000332 216
0.001978 216
0.000407 517
0.002006 216
0.000820 520
0.000829 517
0.000225 216
0.000073 517
0.000212 216
0.448251 216
0.000178 216
0.181868 432
0.000721 432
0.000954 216
0.000226 216
0.002679 216
0.000166 216
0.005378 216
0.000146 216
0.004072 216
0.000067 216
0.000812 216
0.000170 216
0.000522 216
0.000216 216
0.000568 459
8.264087 1
0.181100 1
0.149481 1
0.108930 1
0.797081 1
0.149238 1
0.121004 1
0.270768 1
0.164923 1
0.330973 1
0.066858 29
0.015414 29
0.004979 29
0.000821 29
0.012774 29
0.058741 29
0.000564 29
0.013997 29
0.000770 29
0.099460 3
0.531255 30
0.328947 30
0.000822 30
0.154079 30
0.000599 30
0.006281 30
0.000609 30
0.001328 30
0.000989 30
0.018912 30
0.000980 30
0.004050 60
0.101808 60
0.020583 60
0.060800 30
0.035596 60
0.012286 60
0.138022 60
0.035885 30
0.009323 30
0.009801 30
0.000838 30
0.001734 30
0.000979 30
0.003496 30
0.000967 30
0.000404 60
0.002501 30
0.000781 30
0.000444 30
0.000529 30
0.000258 30
0.000549 30
0.001270 60
0.026902 60
0.017201 60
0.023328 60
0.008089 60
0.045043 60
0.028719 30
0.001847 30
0.001137 30
0.000810 30
0.217249 30
0.007793 30
0.198985 33
0.045013 64
0.001208 32
0.067612 66
0.254696 70
0.009464 33
0.000648 37
0.032326 71
0.031092 116
1.629644 1
0.441059 4
0.133739 1
0.111813 1
0.126257 1
0.093460 1
0.191542 1
0.301217 1
0.099775 1
0.193533 1
0.166350 1
0.429232 1
0.145571 1
0.355027 1
0.280754 1
0.212724 1
0.141507 1
0.160603 1
0.151257 1
0.185754 1
0.209867 1
0.129511 1
0.180586 1
0.270632 11
0.041372 29
0.027195 64
0.020590 64
0.069422 66
0.259631 103
0.000942 37
0.369638 54
0.001439 32
0.002464 42
0.244698 47
0.000154 37
0.097781 65
0.089278 133
1.489158 1
1.562625 2
0.013362 22
0.501398 34
0.085987 185
0.501414 49
0.131500 63
0.269483 184
0.031553 235
0.500898 40
0.047912 104
0.602560 16
0.088457 83
0.015525 233
0.000345 52
0.025769 26
0.021426 26
0.025224 26
0.019134 26
0.020364 26
0.019740 26
0.029974 26
0.022106 26
0.024383 100
0.002497 69
0.000342 236
0.013130 236
0.011505 53
0.062354 236
0.111417 65
0.006274 310
0.013237 58
0.033164 236
0.063520 47
0.006177 294
0.013070 36
0.136997 236
0.097201 54
0.036844 236
0.011938 236
0.021338 59
0.011761 236
0.045660 236
0.011906 37
0.018444 236
0.012190 236
0.012675 53
6.389556 57
0.174202 56
0.792923 20
0.202668 116
106.268137 113
507.311612 1
0.097022 1
0.252469 1
0.244296 1
0.114842 1
0.126268 1
0.238726 4
0.088793 1
0.162415 2
0.000096 9
0.032587 76
0.001058 596
0.000083 1060
0.000039 276
0.000073 74
0.000060 558
0.000022 193
0.000372 1601
0.000069 1700
0.002851 116
1525.987653 1
0.113382 1
0.151081 2
0.000077 9
0.015713 37
0.000765 116
2.490745 1
0.100465 1
0.111128 1
0.278573 1
0.070268 1
0.202691 11
0.004696 71
0.000624 116
1.184764 1
0.129391 1
0.128295 1
0.324940 1
0.093776 1
0.316087 1
1.017506 1
0.320873 1
0.570946 1
0.536343 4
0.102337 1
1.940084 4
0.144966 4
0.149349 4
0.145239 4
0.231375 1
0.312659 4
0.167415 1
0.171015 1
0.140107 1
0.144107 1
0.998991 1
0.223751 1
0.195232 11
0.004001 116
2.175135 1
0.123346 1
0.127521 1
0.139382 1
0.154020 1
0.407116 1
0.165623 1
0.184118 1
0.916448 1
0.270310 1
0.161177 11
3.150011 116
114.285223 1
0.106125 1
0.174217 1
0.082980 1
0.102380 1
0.114732 1
0.271552 1
0.557840 1
0.131437 1
0.139010 1
0.245821 1
0.112977 1
0.115066 1
0.163002 1
0.232631 4
0.147775 4
0.147932 4
0.164128 4
0.259406 1
0.159564 1
0.522307 1
0.185863 1
0.238322 1
2.215011 1
2.270743 1
0.188071 1
0.155355 1
0.330488 1
0.250519 1
0.180309 1
0.585132 1
0.145218 1
0.341534 4
0.225285 1
0.073687 1
0.317968 1
0.140333 1
0.153532 1
2.045736 1
0.263718 1
0.440253 1
0.131008 1
0.205840 1
0.320210 1
0.436564 1
0.114200 1
0.616036 4
0.135189 4
0.279676 1
1.198864 1
0.478637 1
0.133876 1
0.392151 1
0.394922 2
0.000086 9
0.558896 55
0.000397 61
0.006070 116
6.938587 39
0.395145 1
0.504714 1
0.024968 1
0.032125 1
0.027833 1
0.030963 1
0.030039 1
0.029767 1
0.031372 1
0.029336 1
0.029188 1
0.626674 27
0.166073 27
0.190455 27
0.954501 23
0.165980 23
0.437241 23
0.239243 11
0.386355 55
0.011640 116
4.399511 1
0.126504 1
0.134187 1
0.105616 1
0.080529 1
0.108382 1
0.134613 1
0.428550 1
0.504305 1
0.549243 1
0.237163 1
0.216267 1
0.605960 1
0.234119 1
0.075132 1
0.123556 1
0.618138 1
0.192186 1
0.168308 1
0.641227 1
0.181367 1
0.209843 1
0.363804 4
0.147471 4
0.154551 4
0.156510 4
0.610573 1
0.124395 1
0.265617 1
0.249195 1
1.459585 7
1.860545 1
0.370917 1
3.673144 11
0.543442 8
3.311191 10
9.691074 1
0.522647 4
3.990914 1
0.010165 1
0.643378 1
0.225879 1
0.177191 1
0.218058 1
0.356589 4
0.276234 1
0.496698 1
0.189575 1
0.753316 2
0.001594 11
2.225223 1
0.056661 1
0.229239 1
0.279964 1
0.120848 1
0.114479 1
0.223570 2
0.003650 10
0.000950 141
0.000608 73
0.000423 11
98.272091 1
0.151867 1
0.314093 1
0.135216 1
0.277876 1
3.288320 1
1.162402 1
0.328669 1
0.445002 1
0.742421 1
0.331445 1
0.169218 1
0.145079 1
0.360967 1
0.451174 1
0.089778 1
0.118668 1
0.346802 4
0.150010 4
0.339037 4
0.227307 1
0.129225 1
0.364851 1
0.287614 1
0.243582 1
2.681064 2
0.002336 11
3.410327 1
0.086530 1
0.244357 1
0.493798 1
0.100127 1
0.149925 1
0.187215 2
0.002083 151
0.000503 74
0.000410 11
144.017450 11
0.003402 11
0.013912 11
0.012039 11
0.015565 11
0.015706 11
0.013416 11
0.014829 11
0.013223 11
0.008696 11
0.014430 11
0.013529 11
0.013314 11
0.014752 11
0.013039 11
0.009614 11
0.014154 11
0.014392 11
0.270719 11
0.051882 11
0.032696 11
0.032193 11
0.040071 11
9.599944 1
0.820238 1
0.686674 4
0.179374 4
5.528442 1
0.116066 1
0.212887 1
0.115055 1
0.458444 1
0.199808 1
0.190541 1
0.215254 1
0.129843 1
0.138311 1
0.197467 2
0.052836 81
0.343904 92
0.559044 6
0.256568 198
0.053329 11
1.848760 1
0.075019 1
0.261158 1
0.153551 1
0.139825 1
0.481226 4
0.088856 1
0.130693 1
0.155773 1
0.179468 1
0.153148 1
0.401292 1
0.192642 1
0.108044 1
0.227861 1
0.304573 1
0.151560 1
0.122671 1
0.447251 1
0.120025 1
0.180818 1
0.205115 1
0.139889 2
0.606252 167
0.087546 174
0.062191 133
0.008568 133
0.067011 133
0.030534 133
0.034162 133
0.039206 133
0.025934 133
0.078682 133
0.112070 173
0.025894 308
0.006191 168
0.028338 169
0.035392 133
0.013340 133
0.061275 133
0.000293 170
0.024652 133
0.017623 169
0.011147 133
0.000250 169
0.049782 133
0.013924 133
0.072852 133
0.015222 133
0.076148 133
0.054321 133
0.014839 133
0.065910 133
0.028894 133
0.030969 133
0.052398 133
0.034825 133
0.045755 133
0.014133 133
0.095148 133
0.059084 133
0.018140 133
0.056324 133
0.028052 133
0.051580 133
0.047806 133
0.040240 133
0.083951 133
0.018903 133
0.084695 133
0.058844 133
0.027341 133
0.044689 133
0.026936 133
0.054773 133
0.050133 133
0.029098 133
0.043630 133
0.013968 133
0.073228 133
0.061484 133
0.018689 133
0.068484 133
0.024577 133
0.031496 133
0.050625 133
0.042372 133
0.051663 133
0.082607 133
0.087323 133
0.020632 133
0.067868 133
0.042793 133
0.053133 133
0.038643 133
0.025038 133
0.061325 133
0.019654 133
0.093726 133
0.127369 133
0.013783 133
0.055722 133
0.020431 133
0.052414 133
0.053263 133
0.034290 133
0.078767 133
0.037882 133
0.149706 133
0.102033 133
0.024603 133
0.092083 133
0.037220 133
0.028464 133
0.044316 133
0.038268 133
0.067045 133
0.014571 133
0.060935 133
0.086841 133
0.015925 133
0.051749 133
0.029705 133
0.047274 133
0.050667 133
0.014274 133
0.062801 133
0.014912 133
0.068087 133
0.068048 133
0.017076 133
0.076306 133
0.023258 133
0.059066 133
0.049653 133
0.035757 133
0.049240 133
0.014866 133
0.082622 133
0.054316 133
0.014277 133
0.061039 133
0.035061 133
0.050541 133
0.034247 133
0.030988 133
0.061837 133
0.015268 133
0.055155 133
0.072774 133
0.025785 133
0.052465 133
0.033843 133
0.047089 133
0.042466 133
0.025691 133
0.067735 133
0.017370 133
0.094484 133
0.068506 133
0.017964 133
0.067531 133
0.034178 133
0.030404 133
0.046200 133
0.035027 133
0.054746 133
0.072835 133
0.078834 133
0.060562 133
0.038060 133
0.050694 133
0.039682 133
0.019530 133
0.075416 133
0.026190 133
0.076076 133
0.078330 133
0.014322 133
0.066033 133
0.020939 133
0.057282 133
0.048096 133
0.035534 133
0.043737 133
0.012385 133
0.091410 133
0.073645 133
0.016908 133
0.063989 133
0.027132 133
0.030818 133
0.039357 133
0.031159 133
0.065634 133
0.018175 133
0.060319 133
0.074839 133
0.011031 133
0.058102 133
0.034639 133
0.048004 133
0.043673 133
0.018744 133
0.055378 133
0.012516 133
0.080407 133
0.060333 133
0.013638 133
0.063617 133
0.019888 133
0.043742 133
0.052464 133
0.033176 133
0.045356 133
0.015316 133
0.082056 133
0.058264 174
0.115789 133
0.013901 133
0.074648 133
0.033630 133
0.032359 133
0.045687 133
0.029521 133
0.056685 133
0.013353 133
0.110237 177
0.039486 30
0.075822 11
4.189116 1
0.263458 1
0.189697 1
0.290730 1
3.620528 1
0.379827 4
0.281909 1
0.435475 4
0.275512 1
0.569819 1
0.124644 1
0.843184 1
0.344238 1
0.184635 1
0.657181 1
0.732156 1
0.447785 4
0.240975 4
0.501350 4
0.029680 4
0.029387 4
0.030165 4
0.030464 4
0.170224 4
0.642870 1
0.162355 1
0.311465 1
0.897536 1
0.503727 1
0.481398 4
0.150960 4
0.504956 1
0.646444 1
0.255148 1
5.135980 1
0.470827 1
0.220210 1
0.461742 1
0.213241 1
0.222155 1
0.800221 1
0.181111 1
0.283911 1
0.244726 2
0.095963 11
2.068461 1
0.157256 1
1.179846 1
0.226728 1
0.155075 1
0.510613 1
0.106106 1
0.113657 1
0.642829 1
1.144807 1
0.380980 2
0.000933 11
0.001518 130
3.001047 15
20.484086 1
0.438556 2
0.000139 11
1.849445 1
0.106702 1
0.194316 1
0.984840 1
0.734750 1
0.228568 1
0.422411 1
0.162186 1
0.165941 1
0.453949 4
0.109314 1
0.124587 1
0.316647 4
0.250773 1
0.374724 1
0.098542 1
0.072768 1
0.133807 1
0.226144 1
0.910393 1
0.121345 1
0.200462 1
0.150176 1
0.614313 1
0.487415 1
0.194640 1
0.098306 1
0.112906 1
0.435026 1
0.521627 1
0.377623 1
0.222231 1
0.129694 1
0.425917 4
0.151179 4
0.148833 4
0.206454 1
0.094842 1
0.208131 1
0.101697 1
0.327016 1
0.815573 1
0.624032 1
0.482911 2
0.013191 37
0.000348 11
11.697685 1
0.079858 1
0.330140 1
0.250179 1
0.129221 1
0.156725 1
0.254138 2
0.006274 10
0.000762 141
0.000797 149
0.000425 11
405.518808 1
0.156247 1
0.688343 1
0.273616 1
0.409080 1
0.345949 1
0.230661 1
0.264142 45
0.000236 11
18.981733 1
0.380855 1
0.214615 1
0.162187 1
0.194293 1
0.780832 1
0.315225 1
0.205711 1
0.450874 1
0.136596 1
0.183751 1
0.375984 4
0.159351 4
0.148424 4
0.162088 4
0.155606 4
1.745317 1
0.479698 1
0.169495 1
0.129696 1
1.015445 1
0.666067 1
0.519836 1
5.639037 2
0.000262 11
2.173416 1
0.240889 1
0.409740 1
1.520555 1
0.362424 1
0.592074 16
0.000070 11
21.454959 1
0.259464 1
0.651055 1
0.265144 1
0.325875 1
0.280184 1
0.331503 1
0.740188 56
2.445144 1
0.468721 1
6.819367 1
3.480829 4
0.233668 4
0.185574 4
10.625778 18
0.295467 16
0.461655 24
0.640021 2
0.000090 11
1.686990 1
0.250133 1
0.696057 1
0.523318 1
0.287542 1
0.233774 27
28.361497 16
0.250774 24
0.242480 18
0.219700 16
0.412443 24
0.636583 18
0.395196 17
0.348626 44
2.941356 2
0.003363 37
0.000300 11
28.482484 1
0.181242 1
0.376247 1
6.836437 1
1.046956 1
0.866194 12
4.095279 1
0.247536 1
0.204783 1
0.280094 1
0.506235 1
0.292593 1
0.337514 3
0.184338 3
0.170738 3
0.161141 3
0.173594 3
0.181868 3
26.055646 2
0.000446 13
4.556492 1
0.173022 1
0.200571 1
0.365710 4
0.106112 1
0.216265 1
0.132026 13
7.663068 1
0.153406 1
0.213104 1
0.334452 1
0.340872 4
0.143663 1
0.159349 1
0.187640 1
0.750190 1
0.335560 4
0.177104 4
0.144692 4
0.219572 1
0.270230 1
0.236730 1
0.224864 2
0.000271 11
115.913039 1
0.222867 1
0.414108 4
0.160399 1
0.129757 1
0.175349 1
0.244890 4
0.149959 4
0.144088 4
0.084279 1
0.152085 1
0.069945 1
0.174924 2
0.021512 116
220.751057 17
