0.031750 124
16.556691 1
0.191265 1
0.210722 1
0.140596 1
0.154592 1
0.143409 1
0.542260 1
0.211303 1
0.088028 1
0.152162 11
0.490162 72
0.006092 124
60.022180 9
0.200106 17
0.220173 10
0.355856 35
0.535859 55
0.756195 11
0.000361 116
0.970901 17
0.200795 30
0.210450 17
0.505984 10
0.756863 6
0.204939 13
0.175089 26
1.021603 4
0.791847 1
0.239567 11
0.000098 8
0.000124 108
2.500422 1
0.149130 1
0.140173 1
0.115325 1
0.119785 1
0.121287 1
0.219118 1
0.196448 1
0.053754 1
0.139577 11
0.371363 72
0.011090 116
17.148534 1
0.149623 1
0.126619 1
0.117803 1
0.109979 1
0.150611 1
0.171400 1
0.150592 1
0.169762 1
0.069621 1
0.386148 1
0.140025 1
0.215595 1
0.200335 11
0.453655 316
0.000047 59
0.000037 46
0.000068 130
0.000045 33
0.000040 79
0.000042 52
0.000065 2
0.006581 116
22.277548 113
0.024655 113
0.030821 113
0.016814 113
0.011076 113
0.005780 113
0.018721 113
0.011003 113
0.006078 113
0.011143 113
0.010865 113
0.006102 113
0.011092 113
0.005831 113
0.015055 113
0.027094 113
0.186306 113
0.041894 113
0.168385 113
0.078849 113
34.981348 1
0.115080 1
0.146294 1
0.129817 1
0.148791 1
0.152259 1
0.279460 1
0.862332 1
0.214538 1
0.130321 1
0.085083 1
0.190700 1
0.250381 1
1.347621 1
0.255620 1
0.180987 1
0.134411 1
0.511573 4
0.149387 4
1.292330 1
0.106411 1
0.284150 1
0.180445 1
0.891058 1
0.494927 4
0.311947 1
0.254004 1
0.225240 1
0.511752 1
0.139782 1
0.190256 1
0.125560 11
0.832514 14
0.006430 8
0.000067 108
1.910102 1
0.124647 1
0.275710 1
0.265741 1
0.079650 1
0.125674 1
0.215236 1
1.262602 1
0.321341 1
0.891213 1
0.230278 1
0.225179 1
0.249592 1
0.567800 4
0.198481 1
0.241174 1
0.786241 1
0.195339 1
0.315295 4
0.069038 1
0.147407 1
0.721008 1
0.128589 1
0.351191 11
0.354128 90
0.005947 116
39.686025 1
0.114691 1
0.390699 1
0.110647 1
0.120138 1
0.151434 1
0.163956 1
0.206173 1
0.089780 1
0.256725 1
0.163357 1
0.070320 1
0.085235 11
0.429213 99
0.000046 37
0.000029 27
0.000134 275
0.000036 125
0.000090 52
0.006509 116
6.785539 1
0.140162 1
0.104400 1
0.135329 1
0.110768 1
0.110640 1
0.210993 1
0.691063 1
0.261832 1
1.120707 1
0.355523 1
0.123352 1
0.196753 1
0.550284 1
0.251252 1
0.125709 1
0.475392 4
0.129704 1
0.129738 1
0.225463 1
0.110515 1
1.208633 11
0.358795 90
0.005467 116
6.213960 1
0.376385 4
0.104272 1
0.141853 1
0.154190 1
0.131994 1
0.089511 1
0.119471 1
0.145186 1
0.266078 1
0.194861 1
0.135270 1
0.090142 1
0.185693 1
0.211672 1
0.334075 1
0.486080 1
0.315271 1
0.245349 1
0.109842 1
0.215482 1
0.541208 1
0.405295 1
0.119648 1
0.125818 1
0.380996 1
0.080276 1
1.207118 11
0.819217 14
0.006180 116
3.901867 1
0.109530 1
0.106932 1
0.123107 1
0.100193 1
0.096492 1
0.149872 1
0.265216 1
0.100508 1
0.114753 11
0.455714 60
0.000063 145
0.000043 90
0.000033 59
0.000026 29
0.000095 64
0.006219 116
42.978973 1
0.266685 1
0.429399 4
0.103662 1
0.111365 1
0.366730 1
0.103909 1
0.116043 1
0.200341 11
0.004233 75
0.000217 191
0.000764 116
75.241971 1
0.129630 1
0.891538 1
0.607064 1
0.198168 1
0.257245 1
0.185135 1
0.470434 4
0.275615 11
0.008288 502
0.000034 165
0.000074 301
0.000639 116
459.941941 1
0.073490 1
0.606536 1
0.455546 1
0.411434 1
0.455441 1
0.917842 1
0.133388 1
0.126498 1
0.184008 11
0.036282 516
0.000082 78
0.001967 116
154.001477 1
0.137549 1
0.201831 1
0.542100 1
0.175721 1
0.143505 1
0.656091 4
0.180918 4
0.144506 4
0.169687 4
0.176502 4
0.139476 4
0.176891 1
28.895251 1
0.104799 1
0.247153 1
0.548831 1
0.161854 1
0.114425 1
0.180495 1
0.515143 1
0.640851 1
0.207751 1
0.333261 4
0.145125 4
0.041254 1
0.174049 1
0.180201 1
0.124895 2
0.000033 9
0.012665 9
0.000273 418
0.000099 953
0.000041 492
0.000024 169
0.000099 964
0.000026 141
0.000043 346
0.000185 71
0.000032 513
0.000074 635
0.000021 280
0.000057 849
0.000035 517
0.000026 70
0.000049 352
0.000023 144
0.000062 284
0.000036 283
0.000058 497
0.000042 567
0.000022 425
0.000020 213
0.000022 355
0.000071 638
0.000035 142
0.000023 141
0.000064 565
0.000030 648
0.000067 209
0.000043 140
0.000023 565
0.000048 141
0.000027 142
0.000151 948
0.000051 70
0.001444 116
165.167848 1
0.089954 1
0.139317 1
0.121163 1
0.194752 1
0.450962 1
0.134669 1
0.305326 4
0.070657 1
0.130528 1
0.314599 1
0.197172 1
0.173740 1
0.489350 1
0.235777 1
0.388341 11
0.051179 28
4.453732 2
0.122641 56
0.000355 152
0.000678 212
0.000760 212
0.000687 212
0.000781 212
0.000742 212
0.000730 212
0.000643 212
0.000743 212
0.000639 212
0.000662 213
0.000657 213
0.000776 213
0.000811 61
0.000136 152
0.000695 61
0.000064 152
0.000656 213
0.000710 68
0.000085 179
0.000777 247
0.001286 65
0.000115 182
0.000569 71
0.000044 182
0.005157 116
1419.451493 1
0.119403 1
0.129583 1
0.139096 1
0.189217 1
0.148940 1
0.511897 1
0.841030 1
0.180431 1
0.157249 1
0.232889 2
0.000145 9
0.013989 116
1.704106 1
0.087129 1
0.372600 1
0.253784 1
0.116215 1
0.109160 1
0.207191 11
0.004914 10
0.000128 313
0.000804 116
5.788657 1
0.296817 1
0.498832 4
0.088728 1
0.142102 1
0.097814 1
0.267111 1
0.425631 1
0.395699 1
0.225761 1
0.235813 1
0.841025 11
0.013878 131
0.000186 74
0.000055 180
0.000802 116
152.046298 1
0.185866 1
0.219489 1
0.134580 1
0.522234 1
0.224499 11
0.008998 811
0.000065 173
0.000617 116
86.563882 1
0.024011 1
0.223582 11
0.004205 43
0.000722 116
1.884986 1
0.073926 1
0.104633 1
0.099819 1
0.177116 1
0.395545 1
0.304913 1
0.149654 1
0.150597 1
0.194631 1
0.541282 1
0.215254 1
0.315771 1
0.205988 1
3.464082 4
0.502422 4
0.029680 4
0.029551 4
0.029450 4
0.030172 4
0.030540 4
0.030084 4
0.029427 4
0.030663 4
0.029778 4
0.029730 4
0.029966 4
0.030384 4
0.029606 1
0.029523 1
0.030338 1
0.030948 1
0.029746 1
0.029612 1
0.031155 1
0.029258 1
161.387996 1
0.192910 1
0.100390 1
0.128936 1
0.396016 1
0.624511 1
0.175674 1
0.216283 1
0.161046 1
0.144686 11
0.003498 131
0.000467 74
0.000046 180
0.000897 116
111.279405 1
0.109035 1
0.535503 1
0.184783 1
0.094361 1
0.300930 1
0.459030 1
0.171624 1
0.202251 1
0.193784 1
0.124561 2
0.000066 9
0.013442 56
0.000718 116
3.873130 1
0.093972 1
0.156401 11
0.003681 43
0.000627 116
3.406381 1
0.155788 1
1.706819 1
0.431127 1
0.890705 4
0.300921 1
0.049620 1
0.235042 1
2.289195 1
1.568258 1
0.119406 1
0.367038 4
0.163818 4
0.255643 1
0.060159 1
0.300364 4
0.180769 4
0.100321 1
0.139964 1
0.280225 1
0.204960 1
0.231268 11
0.005259 116
1.863334 1
0.047860 1
0.156758 11
0.003847 66
0.000677 116
8.679696 1
0.276186 1
0.154121 1
0.175546 1
0.479683 1
0.261224 1
0.196256 1
0.213571 1
0.235484 1
0.180867 1
0.225180 11
0.003391 123
0.000285 74
0.000133 180
0.000647 116
257.556069 1
0.471745 4
0.346543 1
0.046337 1
0.373771 11
0.004226 66
0.000647 116
9.023245 1
0.131213 1
0.160109 1
0.364846 1
0.156478 1
0.204645 1
0.205349 1
0.301237 1
0.625207 1
0.211147 1
0.319532 1
0.186195 1
0.390351 1
0.149010 1
0.137517 1
0.167575 1
0.731821 11
0.005414 116
1.727784 1
0.220276 1
0.166447 1
0.119413 1
0.324910 1
0.190258 1
0.175804 1
0.241500 1
0.724622 1
0.294939 1
0.787984 1
0.319841 1
0.139885 1
0.226032 1
0.145019 1
0.134367 1
0.156846 1
0.404647 1
0.129888 1
0.155022 1
0.406714 1
0.435556 1
0.164953 1
0.165263 1
0.160888 1
0.189200 11
0.003998 131
0.000615 74
0.000057 257
0.000041 43
0.000103 254
0.000088 189
0.000067 254
0.000871 116
40.578099 1
0.434378 1
0.470442 11
0.004470 76
0.000742 116
49.405445 1
0.273278 1
0.177439 1
0.164033 1
0.556796 1
0.940916 1
0.685448 4
0.205960 1
0.205885 1
0.172893 1
0.201741 1
0.180811 11
0.003816 131
0.000326 254
0.000820 116
10.084936 1
0.286909 1
0.139701 1
0.504746 4
0.140389 4
0.141276 1
0.144641 1
0.119833 1
0.310578 1
0.601860 1
0.114351 1
0.163396 1
0.211562 1
0.290412 1
0.140692 1
0.129774 1
0.155140 1
0.260206 11
0.003833 135
0.000280 74
0.000054 180
0.000921 116
160.228067 1
0.194805 1
0.350614 1
1.041929 1
0.174571 1
0.085229 1
0.326029 1
0.195825 1
0.194970 1
0.158976 1
0.265338 1
0.181822 1
0.210668 1
0.303745 1
0.165428 1
0.210236 11
0.003882 116
1.381147 1
0.219202 1
0.118671 1
0.145325 1
0.521398 1
0.199875 1
0.195687 1
0.170388 1
0.167839 1
0.222783 11
0.003638 131
0.000420 254
0.000691 116
24.759469 1
0.270863 1
0.205187 1
0.206719 1
0.375299 4
0.145269 4
0.159447 4
0.069731 1
0.160793 1
0.095530 1
0.325388 1
0.620527 1
0.189794 1
0.190864 1
0.346300 4
0.149572 4
0.251388 1
0.414984 1
2.949816 1
0.219379 11
0.003903 134
0.000353 254
0.000892 116
450.038983 36
0.651740 65
0.018800 28
1.905086 2
0.548619 22
0.003648 116
45.546305 1
0.470043 1
0.099057 1
0.227562 1
0.303048 1
0.014046 1
3.042207 1
0.144356 1
0.957221 1
0.290142 4
0.155964 4
0.604929 4
0.185304 1
0.103487 1
0.146503 1
0.100511 1
0.495657 1
0.199405 1
0.084771 1
0.201775 1
0.124095 1
0.154598 1
0.272110 1
0.296415 1
0.223833 1
0.315978 11
0.701328 23
0.000278 57
0.000069 56
0.000027 63
0.000036 10
0.000035 84
0.000036 49
0.000023 45
0.000040 39
0.000043 2
0.000052 29
0.000355 80
0.000074 79
0.000026 99
0.000048 78
0.000164 156
0.000028 59
0.000060 62
0.000062 27
0.000022 21
0.000031 53
0.006319 116
132.391344 1
0.180276 1
0.103845 1
0.132441 1
0.133690 1
0.130950 1
0.230972 1
0.300073 1
0.159837 1
0.088808 1
0.296758 1
0.229028 1
0.247004 1
0.144145 11
0.439396 302
0.000051 81
0.000048 157
0.000053 161
0.000136 2
0.011217 116
173.205683 47
0.838870 87
0.858501 45
0.006714 116
6.042186 1
0.149007 1
0.501130 1
0.304694 1
0.476639 1
0.264049 1
0.185584 11
0.007086 554
0.000059 414
0.000684 116
83.754348 1
0.254989 1
0.220067 1
0.657079 1
0.550271 1
0.328151 1
0.147493 1
0.280743 1
0.119639 1
0.350370 4
0.372034 1
0.394666 1
0.655715 1
0.179518 1
0.191134 1
0.180294 1
0.114508 1
0.390554 1
0.305846 1
0.737334 1
0.381154 1
0.308729 1
0.113633 1
0.155692 1
0.296831 4
0.142438 4
0.137682 4
0.170864 4
0.241076 1
0.098606 1
0.185310 1
0.099946 1
0.179320 1
0.185203 1
0.607980 4
0.446205 4
0.290455 1
0.117891 1
0.104836 1
0.071283 1
0.119916 1
0.125152 1
0.134687 1
0.131596 1
0.153008 11
0.005141 103
0.000163 1067
0.000102 1067
0.000634 116
131.935541 1
0.349464 1
0.249829 1
0.085578 1
0.126272 1
0.178559 1
0.347176 1
0.685804 1
0.191639 1
0.092696 1
0.323473 1
0.685239 1
0.709590 1
0.315497 1
0.212327 1
0.249145 1
0.369511 1
0.181676 1
1.037019 1
0.260488 1
0.138696 1
0.417198 1
0.230040 1
0.190778 1
0.134631 11
0.318067 1102
0.000128 526
0.000029 409
0.000061 299
0.000250 389
0.006315 116
327.984254 1
0.275369 1
0.115063 1
0.145401 1
0.210331 11
0.000326 6
