0.038605 124
13.681747 72
0.860006 176
0.025625 382
1.008299 16
1.007609 16
1.007843 16
1.009213 16
1.007888 16
0.092810 46
0.001271 124
22.185796 16
0.615100 23
0.020758 197
0.001264 124
2.220491 1
0.100342 1
0.113959 1
0.139750 1
0.361367 4
0.286083 1
0.099193 1
0.145195 1
0.248318 11
0.015108 459
0.001646 124
4.514636 12
0.678275 17
0.109680 13
0.109283 3207
3.008051 1189
3.005434 3125
3.009623 2385
0.730026 31
0.002576 124
4.629335 1
0.074538 1
0.239711 1
0.350997 1
0.680262 1
0.296200 1
0.168994 1
0.156103 1
0.181018 1
0.158934 1
0.145832 1
0.761353 1
0.345561 1
0.159860 1
0.155321 1
0.439402 1
0.411218 1
0.120130 11
0.000267 116
1.096427 34
0.646653 159
0.000822 9
0.000497 116
6.878321 17
0.731624 25
0.006399 197
0.000993 116
2.393183 1
0.079526 1
0.099385 1
0.536517 1
0.095925 1
0.114557 1
0.231594 11
0.013570 536
0.001455 116
4.328825 113
0.020580 113
0.013140 113
0.010612 113
0.014223 113
0.013309 113
0.014155 113
0.014178 113
0.016939 113
0.013639 113
0.021098 113
0.012765 113
0.019042 113
0.012730 113
0.020329 113
0.014310 113
0.014488 113
0.012980 113
0.013415 113
0.015082 113
0.022896 113
0.014156 113
44.409150 1
0.200136 1
0.095663 1
0.285696 11
0.109942 13
0.109135 4064
3.005907 833
3.007327 1326
3.005877 3180
3.005893 2061
0.000210 1887
1.394877 31
0.002296 116
4.386459 21
0.574141 146
0.644650 72
0.007518 116
17.664016 20
0.546562 33
0.604519 159
0.007304 116
6.503723 24
0.673794 41
0.003807 61
0.000738 116
4.841915 1
1.344651 2
0.169236 5
0.211028 4
0.189994 1
31.102617 71
0.912168 176
0.647555 119
0.007646 8
0.000277 108
31.282247 21
0.535904 35
0.758162 180
0.000081 176
0.000135 139
0.008413 116
8.589553 34
0.617453 61
1.041629 14
0.007879 116
3.005848 18
0.541530 29
0.681529 120
0.000087 153
0.007523 116
12.341475 20
0.518594 33
0.577326 159
0.007533 116
3.248183 24
0.530012 41
0.003465 61
0.000908 116
33.744575 33
0.621592 59
1.171892 14
0.007422 116
2.010333 24
0.389046 69
2.908079 1
0.501538 1
0.029751 1
0.029512 1
0.029568 1
0.030961 1
0.030107 1
0.028978 1
0.030933 1
0.030166 1
0.029933 1
0.030865 1
0.029868 1
0.030653 1
0.203566 1
0.607160 5
0.140265 5
0.118032 5
0.216516 5
0.221518 5
0.113918 9
0.170541 5
0.391907 11
0.865067 14
0.009076 116
6.935563 71
0.835149 176
0.655602 61
0.007684 8
0.000121 108
35.229111 84
0.609099 180
0.793568 66
0.407957 52
0.001168 116
4.761253 71
0.668941 176
1.752232 34
0.020940 40
0.010157 41
0.430541 38
0.030566 29
0.088562 116
3.766328 53
0.723588 173
0.827577 93
0.011406 116
222.579715 94
0.718974 190
0.000933 10
0.000335 116
0.754653 60
0.087436 48
32.569638 11
0.000086 19
0.000241 116
1.056406 95
0.635200 191
0.000682 10
0.000472 116
0.689371 60
0.089389 48
24.975428 219
35.032183 219
25.542088 68
0.693901 241
1.747381 1
0.405384 68
3.038877 277
2.363836 278
0.977447 11
0.000811 10
0.000296 195
0.000203 116
0.721813 60
0.079958 48
25.322582 68
0.524928 277
0.992201 468
0.662712 61
0.492636 278
0.385814 241
0.423028 1
0.654025 68
0.364783 277
1.332478 11
0.000831 10
0.000308 8
0.000086 108
0.707709 60
0.088359 48
28.056278 219
31.957554 219
20.886924 67
0.360015 278
0.920288 277
0.270471 241
0.400610 1
0.374994 67
0.240335 278
0.866611 277
0.515845 278
0.956839 11
0.000795 10
0.000379 195
0.000191 116
0.745609 60
0.078407 48
31.192319 68
0.245101 277
0.927748 278
0.404519 277
0.346326 468
0.624948 61
0.160056 278
0.172806 277
0.159489 278
0.173122 241
0.235626 1
0.441310 68
0.624810 277
0.857905 11
0.000893 10
0.000352 8
0.000075 108
0.676906 60
0.087901 48
22.676385 219
12.932166 67
0.245758 278
0.802213 277
0.308595 241
0.375611 67
1.077721 278
0.505770 11
0.000850 10
0.000371 98
0.000239 116
0.661429 61
0.087814 49
20.331529 219
39.674287 224
19.631577 68
0.169097 277
0.196460 278
0.565275 277
0.401267 278
0.183802 277
0.180182 278
0.176125 241
0.170411 1
0.375256 68
1.207415 277
1.888896 11
0.000941 10
0.000444 195
0.000070 8
0.000069 108
0.749796 61
0.077080 49
1.807408 67
0.441649 278
0.460693 277
0.439497 278
0.315428 277
0.341833 278
0.303994 277
0.265117 468
0.415963 47
0.377712 183
0.424249 182
0.234502 468
0.135100 61
0.170060 278
0.171624 277
0.158622 278
0.165528 277
0.161184 278
0.150100 277
0.154253 241
0.149894 1
0.360406 67
0.561076 278
1.072055 11
0.008975 10
0.000084 116
0.688238 61
0.092745 49
2.733646 68
0.395897 277
0.811145 278
1.051208 11
0.000757 11
0.000344 116
0.667962 61
0.077546 49
1.552247 68
0.214475 277
0.772152 11
0.000896 11
0.000389 116
0.629020 61
0.085809 49
0.959969 67
0.210363 278
0.186292 277
0.911714 11
0.001424 127
0.603582 61
0.082583 49
38.040949 224
10.013453 224
5.738104 224
3.273048 224
2.938399 224
100.954556 67
0.400126 241
2.168459 1
0.084220 1
0.165475 1
0.119404 1
0.114561 1
0.117241 1
0.178796 1
0.266388 1
0.093008 1
0.132407 11
0.685010 70
0.000094 154
0.000089 59
0.008481 490
0.000194 116
0.957717 1
0.094866 1
0.681978 1
0.585050 4
0.145106 1
0.121432 1
0.124516 1
0.109287 1
0.166140 1
0.194914 1
0.315109 1
0.115482 1
0.185424 1
0.626493 11
0.619482 159
0.007090 116
0.959691 1
0.130024 1
0.169971 1
0.170816 1
0.115238 1
0.114561 1
0.501022 1
0.386725 1
0.170054 1
0.189765 1
0.165508 1
0.345258 4
0.220119 1
0.134691 1
0.881786 1
0.240134 1
0.196442 1
0.379335 1
0.210966 1
0.204287 1
1.091733 1
0.225089 1
0.135837 1
0.475753 1
0.174499 1
0.199970 1
0.363325 11
0.628240 61
0.007238 116
1.608542 24
0.362950 4
0.174870 4
0.160301 4
0.561235 1
0.154269 1
0.084438 1
0.327489 11
0.637636 61
0.007485 116
0.295076 24
0.762694 4
0.148610 4
0.540416 1
0.121513 1
0.166144 11
1.203941 14
0.008445 116
2.638545 1
0.113778 1
0.275498 1
0.179311 1
0.100853 1
0.104885 1
0.396066 1
0.213948 1
0.156284 1
0.245036 1
0.425314 1
0.196448 1
0.180014 1
0.840779 1
0.200127 1
0.231803 1
0.450291 1
0.135265 1
0.314146 1
0.271327 4
0.136052 4
0.228759 1
0.074220 1
0.362512 1
0.157281 1
0.257757 1
0.201316 11
0.700781 14
0.007822 116
10.698519 125
0.864476 218
0.664989 44
1.555212 187
0.007683 116
28.757571 129
0.708723 222
0.782429 66
0.423046 116
6.377684 71
0.845518 176
1.671141 34
0.027330 40
0.010244 41
0.371734 38
0.018958 29
0.084248 116
5.026778 53
0.604181 173
0.743203 93
0.012261 116
14.128693 101
0.899703 197
0.022977 312
1.026624 16
1.019334 16
1.022134 16
1.019044 16
1.020834 16
1.022115 17
1.019833 16
1.023630 16
1.019627 16
1.019327 16
1.019020 16
1.021069 16
1.019121 16
1.019128 16
1.024991 16
0.016412 46
0.001556 116
7.557835 94
0.631665 190
0.001085 10
0.000438 116
0.763952 60
0.088261 48
8.862750 67
0.522082 186
0.934840 183
0.250493 241
2.850287 2
0.167243 95
1.018894 187
0.500827 1
0.029505 1
0.030856 1
0.028729 1
0.031307 1
0.030118 1
0.030558 1
0.029424 1
0.029463 1
0.029785 1
0.030421 1
0.029497 1
0.030643 1
0.029449 1
0.031112 1
0.290167 1
0.500471 1
0.029531 273
0.030301 1
0.030228 1
0.029568 1
0.030999 1
0.030126 1
0.029053 1
0.030192 1
0.030121 1
0.030767 1
0.031488 1
0.027938 1
0.030357 1
0.029475 1
0.029506 1
0.030862 1
0.029171 1
0.030554 1
0.029942 1
0.030970 1
0.029574 1
0.029887 1
0.029913 1
0.029749 1
0.029970 1
0.031164 1
0.028912 1
0.030379 1
0.030087 1
0.030329 1
0.031046 1
0.029146 1
0.033294 1
0.026493 1
0.029392 1
0.031710 1
0.029321 1
0.029942 1
0.029524 1
0.030114 1
0.030272 1
0.029316 1
0.030630 1
0.029738 1
0.030536 1
0.031764 1
0.028231 1
0.029610 1
0.030342 1
0.176570 1
0.530107 174
0.345684 1
0.680039 14
0.000921 10
0.000368 116
0.724700 60
0.834739 48
38.922264 219
21.094328 219
197.471713 68
0.406926 277
0.583985 186
0.360699 183
0.209731 278
0.194696 241
0.180895 1
0.335982 68
1.048325 277
0.750751 11
0.000812 10
0.000395 195
0.000159 116
0.624223 67
0.173936 60
0.079353 48
0.926010 278
0.485761 277
0.416034 186
0.570657 183
0.220693 278
0.199956 277
0.191383 241
0.209508 1
0.309484 67
0.347552 278
0.970515 11
0.000753 10
0.000359 8
0.000110 108
0.706270 60
0.829687 48
53.623376 219
6.398513 219
248.301044 1
0.244598 1
0.230870 68
0.205671 277
0.479997 278
0.172167 241
0.213797 1
76.630399 1
0.110078 1
0.104855 1
0.160316 1
0.489615 4
0.125878 4
0.050475 1
0.160490 1
0.433847 1
0.576209 1
0.281751 4
0.279070 1
0.220345 1
0.270896 1
1.215878 1
0.162538 1
0.299133 11
0.016218 92
0.000536 195
0.000252 116
27.182517 55
0.633412 175
0.016303 1123
0.000888 116
421.857813 1
0.243895 1
0.184408 1
0.190615 1
0.580505 4
0.235382 1
0.195661 1
0.210161 1
0.130631 1
0.465423 1
0.094491 1
2.734609 2
0.000123 9
0.000646 347
0.000172 488
0.000325 116
308.526608 1
0.447981 1
0.206050 1
0.160274 1
0.250766 1
0.160869 11
1.169711 122
0.028632 116
13.283769 1
0.367813 4
0.249703 1
0.187785 1
0.176100 1
0.185356 1
0.244471 1
0.200320 1
0.555998 1
0.243523 1
0.287589 4
0.188717 1
1.607903 1
0.847750 1
0.218536 11
0.890199 28
0.023675 116
100.593574 10
0.265499 19
0.325315 14
0.440465 55
0.571408 11
0.015369 1123
0.000934 116
27.013213 233
0.726310 321
0.742459 493
1.726487 69
1.752663 75
1.700304 16
1.740075 16
1.744436 69
1.719569 17
1.713118 75
1.758439 37
0.000086 32
1.745835 16
1.744597 75
1.756200 17
1.661875 16
1.717931 69
1.670744 75
1.729309 69
1.732560 75
1.743735 70
1.741003 16
1.731121 75
1.774945 16
1.668521 16
1.709714 16
1.719808 70
1.721377 16
1.733620 16
1.725862 16
1.753224 75
1.714446 16
1.760931 72
1.730981 16
1.744874 75
1.765069 16
1.720129 69
1.720055 16
1.711279 17
1.674327 16
1.724424 7
0.000048 9
1.702166 16
1.776942 75
1.729055 17
1.758257 69
1.738717 16
1.717132 16
1.740397 75
1.735063 69
1.762613 17
1.742162 75
1.682636 16
1.732934 69
1.714028 75
1.732487 69
1.724284 17
1.745445 75
1.741118 16
1.724056 16
1.704436 16
1.751611 16
1.762009 70
1.688475 75
1.746447 16
1.733407 37
0.000070 32
1.744755 75
1.698768 16
1.765611 19
1.727559 69
1.744423 75
1.660999 69
1.722897 16
1.712700 17
1.709529 75
1.748632 69
1.756903 16
1.732848 75
1.702839 69
1.669703 76
1.683347 16
1.763799 16
1.737456 16
1.716080 16
1.721347 16
1.752202 38
0.000084 32
1.677701 75
1.730503 16
1.692715 69
1.722370 16
1.727223 16
1.741676 17
1.698156 75
1.748432 69
1.701663 16
1.717037 75
1.693791 16
1.735733 17
1.721908 16
1.709232 69
1.734341 75
1.744013 16
1.673459 20
1.754129 69
1.741962 16
1.775479 16
1.737151 44
0.000052 31
1.737877 16
1.738029 70
1.678931 16
1.717194 16
1.708224 69
0.009753 6
1.722988 69
1.708047 16
1.749764 76
1.741993 16
1.722417 16
1.689658 16
1.691902 69
1.697336 16
1.742199 17
1.636677 75
1.744442 16
1.746863 16
1.742089 16
1.701585 16
1.722285 70
1.709495 16
1.765926 75
1.727203 69
1.673237 75
1.683461 17
1.733983 16
1.768219 69
1.758788 75
1.710037 69
1.734047 75
1.758279 19
1.682944 16
1.717212 69
1.734517 75
1.702837 16
1.732199 69
1.663523 76
1.732287 16
1.632177 16
1.686685 16
1.732623 69
1.700700 16
1.717423 76
1.700475 69
1.749076 75
1.728083 16
1.458098 69
1.391536 16
1.456771 17
1.714587 78
1.778060 69
1.759210 75
1.740848 17
1.747154 16
1.754203 69
1.766410 75
1.700672 16
1.709480 69
1.716299 17
1.734145 16
1.731051 16
1.715462 16
1.744100 44
0.000708 31
1.688416 16
1.718920 17
1.758586 16
1.695114 16
1.688217 16
1.687696 16
1.725877 16
1.724617 72
1.690984 75
1.683156 69
1.699907 75
1.683519 69
1.745639 75
1.722520 70
1.738116 75
1.701527 69
1.753739 16
1.706627 75
1.717141 17
1.757602 16
1.734547 16
1.729466 69
1.745546 16
1.704794 16
1.686757 76
1.754476 69
1.700153 75
1.729041 69
1.736461 16
1.732047 16
1.684341 17
1.608028 75
1.716877 16
1.651411 16
1.743837 16
1.753935 69
1.725417 17
1.758863 16
1.733597 16
1.724215 16
1.718422 16
1.721885 16
1.744272 78
1.739625 69
1.721451 16
1.699385 16
1.717084 75
1.679066 17
1.717000 16
1.724301 16
1.749675 16
1.717162 16
1.724000 69
1.739417 76
1.753756 16
1.762896 69
1.710221 16
1.704986 16
1.781257 75
1.788353 17
1.784920 69
1.783689 16
1.736841 75
1.788009 16
1.779496 69
1.718046 17
1.815686 16
1.706323 75
1.735940 16
1.722305 16
1.769039 38
0.000042 32
1.765581 75
1.750213 69
1.772285 44
0.000114 31
1.671770 16
1.726993 16
1.757150 19
1.708690 69
1.768980 75
1.678834 16
1.684421 16
1.699218 16
1.689345 17
1.715018 69
1.738814 16
1.661231 16
1.717726 75
1.731350 69
1.682000 17
1.702523 16
1.692550 16
1.732403 75
1.704773 16
1.767287 69
3.011820 17
1.710682 16
1.747821 16
1.749752 75
1.714756 16
1.719335 70
1.699345 16
1.688591 75
1.748152 69
1.675816 16
1.740927 75
1.679809 38
0.000153 32
1.724762 16
1.686956 16
1.753362 75
1.718556 16
1.732980 72
1.755210 16
1.693502 75
1.749556 69
1.750161 16
1.671442 16
1.711433 17
1.693750 16
1.707521 75
1.678420 16
1.716743 16
1.721512 16
1.703246 17
1.719478 69
1.716481 75
1.708544 16
1.738369 69
1.756474 16
1.716582 17
1.633212 75
1.712830 69
1.767562 75
1.741129 16
1.708527 69
1.739331 76
1.729089 69
1.733324 44
0.000071 31
1.699508 37
0.000205 32
1.737775 16
1.685032 76
1.692758 69
0.947557 46
0.001177 116
11.140607 23
0.614943 148
0.007836 10
2.815432 2
0.184652 142
7.880507 37
0.626731 67
0.001672 11
0.000786 142
0.012082 45
48.381687 2
0.275770 11
0.244806 22
0.022614 58
0.001196 142
55.444402 10
0.483750 12
0.977661 4
0.129692 4
0.508963 10
7.642440 4
1.203249 1
1.351373 45
0.729207 209
0.004401 37
0.014354 142
76.210187 1
0.686090 1
0.225973 1
0.466250 1
0.224818 1
1.030917 1
0.420692 1
0.526262 1
0.211694 1
0.249620 11
0.000291 7
0.000159 142
3.462760 9
0.322709 42
0.374313 35
0.642230 34
1.376561 11
0.004326 37
0.012767 142
1.874530 33
0.405285 1
0.511812 7
0.595295 3
0.210810 11
0.021216 3
0.001257 142
8.538633 23
0.645837 37
0.000072 36
0.000161 142
3.621110 23
0.930090 27
0.164410 1
0.195232 1
0.235531 1
0.340912 5
0.281051 5
0.300299 11
0.000083 8
0.000230 134
3.873341 1
0.161158 1
1.036273 1
0.305952 1
0.736339 11
0.000367 142
8.565739 1
0.610522 1
0.496900 1
0.374712 1
0.175542 1
0.189679 1
0.300994 4
0.125902 1
0.235250 1
0.309088 1
0.306706 4
0.229504 1
0.370804 1
0.240843 15
0.000106 8
0.000065 134
23.849827 20
0.562552 67
0.000223 142
3.159580 20
0.749724 21
0.375473 7
0.245873 3
0.235595 11
0.000118 4
0.000241 142
107.345506 20
1.104592 23
0.500511 4
0.029794 4
0.030087 4
0.030344 4
0.031298 4
0.029430 4
0.030046 4
0.028925 4
0.030202 1
0.031226 1
0.030092 1
0.028832 1
0.030193 1
0.030108 1
0.030585 1
0.029041 1
0.265808 1
0.220932 1
0.221573 1
0.389075 4
0.140633 4
0.150473 4
0.088225 1
0.091530 1
0.431404 1
0.715513 1
0.564662 1
0.299108 1
0.241211 1
0.928016 1
0.170460 1
0.171054 1
0.228413 1
0.336722 1
0.128615 1
0.108688 1
0.717649 1
0.126848 1
0.260488 11
0.000452 118
4.259537 1
0.112187 1
0.151095 1
2.444847 1
0.191458 1
0.159363 1
0.090455 1
0.078940 1
0.085199 1
1.006830 11
0.008996 10
2.257776 2
0.160089 124
2.248179 1
0.135253 1
0.108874 1
0.127068 1
0.215630 1
0.645082 1
0.196770 1
0.157789 1
0.225608 1
0.169934 1
0.211166 1
0.180903 1
0.885644 1
0.216022 1
0.117742 1
0.262032 1
0.965817 1
0.265556 1
0.240503 1
0.360302 4
0.480557 1
0.225193 1
0.460753 1
0.925859 4
0.180521 4
0.792437 1
0.224660 1
17.893051 11
0.045815 28
12.005826 2
0.160869 62
0.000176 13
0.000960 56
0.001364 496
14.858585 6
0.000273 8
0.002058 28
0.001314 97
3.066889 21
0.480306 19
0.500934 19
0.031422 19
0.028105 19
0.030001 25
0.030723 19
0.665619 19
0.501010 19
0.029519 6
0.000106 13
0.030816 6
0.000139 13
0.029676 19
0.029530 18
0.000152 1
0.030210 19
0.029901 19
0.030080 19
0.030920 19
0.030245 19
0.290621 21
0.916107 18
1.576644 18
0.000090 26
2.579548 6
0.000831 37
0.003751 86
1.980834 6
0.000085 96
1.352239 32
1.152325 6
0.000208 28
0.000531 45
1.080693 285
0.000063 130
2.094607 405
1.181057 218
1.531593 19
0.551139 278
0.000519 64
3.382709 19
1.024858 47
0.000284 354
0.831045 218
2.088273 278
0.000113 64
1.496527 401
1.673212 102
1.321970 6
0.000084 212
1.014826 19
0.418997 19
0.715592 19
1.078470 278
0.000050 64
1.977006 19
1.257647 19
0.517435 19
1.470446 19
1.396463 16
0.000348 385
0.850360 96
0.000080 6
0.612246 32
0.473596 32
0.500616 14
0.000085 18
1.081686 25
19.205599 6
0.000282 409
0.010602 18
0.913395 19
0.533636 19
0.462491 406
1.333192 6
0.000420 37
0.003909 87
1.677587 6
0.000394 66
0.005360 124
6.742451 1
0.094911 1
0.235850 1
0.210669 1
0.226745 1
0.154096 1
0.385103 1
1.092340 4
0.499983 4
0.029560 4
0.030790 4
0.028731 4
0.030055 4
0.029794 4
0.030033 1
0.031138 1
0.029959 1
0.030606 1
0.029056 1
0.032040 1
0.028983 1
0.030292 1
58.222992 48
0.759133 185
0.004151 37
0.014135 124
2.550508 48
0.633823 168
0.440498 1
0.435089 7
0.422031 3
0.476213 12
0.018779 3
0.001056 124
5.686082 1
0.104742 1
1.151688 1
0.159479 1
0.162172 11
0.000238 124
1.456172 1
0.205014 1
0.181231 1
0.178179 1
0.160698 1
737.121704 4
0.500420 4
0.030526 4
0.030513 4
0.028723 4
0.030192 1
0.029717 1
0.030178 1
0.030535 1
0.029486 1
0.135864 1
0.105231 1
0.121028 1
0.099116 1
0.896250 1
0.204883 1
0.429755 4
0.146270 4
1.306209 1
0.125841 1
0.189971 1
0.124460 1
0.139672 1
0.212115 2
0.000253 9
0.066087 124
0.534256 1
81.960981 1
0.280687 1
0.318988 1
0.117271 1
0.399705 4
0.134411 4
0.290402 1
0.410838 4
0.435110 1
0.711677 4
0.480001 1
0.146111 1
0.750441 1
0.200360 1
0.429447 4
0.185468 4
0.170323 4
0.201536 4
0.473684 1
0.106134 1
0.542591 11
0.000077 6
0.004376 118
1.229661 1
0.124658 1
0.109871 1
0.100607 1
0.791975 1
0.214463 1
0.135286 1
0.496693 1
0.206171 1
0.214573 11
0.015125 70
0.001728 118
2.336027 1
0.115631 1
0.410357 4
0.183591 4
0.300965 1
2.493636 1
0.399338 4
0.231894 1
0.094788 1
0.399192 4
0.161764 4
0.186170 1
0.083461 1
0.257461 1
0.152491 1
0.155745 1
0.169633 17
0.009359 116
2.564941 1
0.139990 1
0.118631 1
0.105428 1
0.161068 1
0.184886 1
0.177072 1
0.113452 1
0.160633 1
0.209468 11
